"Postal code area","Inhabitants, total, 2018 (HE)","Males, 2018 (HE)","Females, 2018 (HE)"
"00100  Helsinki Keskusta - Etu-Töölö (Helsinki)",18427,8673,9754
"00120  Punavuori (Helsinki)",7161,3368,3793
"00130  Kaartinkaupunki (Helsinki)",1523,735,788
"00140  Kaivopuisto - Ullanlinna (Helsinki)",7921,3586,4335
"00150  Eira - Hernesaari (Helsinki)",9385,4324,5061
"00160  Katajanokka (Helsinki)",4577,2135,2442
"00170  Kruununhaka (Helsinki)",7495,3482,4013
"00180  Kamppi - Ruoholahti (Helsinki)",14020,6741,7279
"00190  Suomenlinna (Helsinki)",707,347,360
"00200  Lauttasaari (Helsinki)",15817,7260,8557
"00210  Vattuniemi (Helsinki)",8509,3949,4560
"00220  Jätkäsaari (Helsinki)",6901,3271,3630
"00230  Ilmala (Helsinki)",0,0,0
"00240  Länsi-Pasila (Helsinki)",5563,2542,3021
"00250  Taka-Töölö (Helsinki)",11359,5081,6278
"00260  Keski-Töölö (Helsinki)",5480,2500,2980
"00270  Pohjois-Meilahti (Helsinki)",7775,3389,4386
"00280  Ruskeasuo (Helsinki)",2990,1331,1659
"00290  Meilahden sairaala-alue (Helsinki)",148,56,92
"00300  Pikku Huopalahti (Helsinki)",5799,2575,3224
"00310  Kivihaka (Helsinki)",913,392,521
"00320  Etelä-Haaga (Helsinki)",10199,4571,5628
"00330  Munkkiniemi (Helsinki)",8818,3840,4978
"00340  Kuusisaari-Lehtisaari (Helsinki)",1767,879,888
"00350  Munkkivuori-Niemenmäki (Helsinki)",9280,4203,5077
"00360  Pajamäki (Helsinki)",1868,879,989
"00370  Reimarla (Helsinki)",6544,3178,3366
"00380  Pitäjänmäen teollisuusalue (Helsinki)",4547,2229,2318
"00390  Konala (Helsinki)",6510,3213,3297
"00400  Pohjois-Haaga (Helsinki)",9621,4499,5122
"00410  Malminkartano (Helsinki)",9037,4348,4689
"00420  Kannelmäki (Helsinki)",13691,6482,7209
"00430  Maununneva (Helsinki)",5834,2832,3002
"00440  Lassila (Helsinki)",4797,2192,2605
"00500  Sörnäinen (Helsinki)",12436,6197,6239
"00510  Etu-Vallila - Alppila (Helsinki)",9783,4710,5073
"00520  Itä-Pasila (Helsinki)",7276,3647,3629
"00530  Kallio (Helsinki)",18644,8789,9855
"00540  Kalasatama (Helsinki)",2910,1388,1522
"00550  Vallila (Helsinki)",9189,4309,4880
"00560  Toukola-Vanhakaupunki (Helsinki)",13807,6407,7400
"00570  Kulosaari (Helsinki)",4004,1846,2158
"00580  Verkkosaari (Helsinki)",2945,1417,1528
"00590  Kaitalahti (Helsinki)",1956,857,1099
"00600  Koskela-Helsinki (Helsinki)",4153,1938,2215
"00610  Käpylä (Helsinki)",8166,3610,4556
"00620  Metsälä-Etelä-Oulunkylä (Helsinki)",3285,1525,1760
"00630  Maunula-Suursuo (Helsinki)",8309,3897,4412
"00640  Oulunkylä-Patola (Helsinki)",8185,3831,4354
"00650  Veräjämäki (Helsinki)",4276,2034,2242
"00660  Länsi-Pakila (Helsinki)",6646,3287,3359
"00670  Paloheinä (Helsinki)",5989,2938,3051
"00680  Itä-Pakila (Helsinki)",3663,1841,1822
"00690  Tuomarinkylä-Torpparinmäki (Helsinki)",2773,1362,1411
"00700  Malmi (Helsinki)",13359,6360,6999
"00710  Pihlajamäki (Helsinki)",12691,5996,6695
"00720  Pukinmäki-Savela (Helsinki)",8770,4027,4743
"00730  Tapanila (Helsinki)",11270,5373,5897
"00740  Siltamäki (Helsinki)",10494,5118,5376
"00750  Puistola (Helsinki)",9630,4665,4965
"00760  Suurmetsä (Helsinki)",7644,3757,3887
"00770  Jakomäki - Alppikylä (Helsinki)",7506,3646,3860
"00780  Tapaninvainio (Helsinki)",6963,3379,3584
"00790  Viikki (Helsinki)",11114,5180,5934
"00800  Länsi-Herttoniemi (Helsinki)",7319,3390,3929
"00810  Herttoniemi (Helsinki)",11631,5468,6163
"00820  Roihuvuori (Helsinki)",7389,3501,3888
"00830  Tammisalo (Helsinki)",2255,1086,1169
"00840  Laajasalo (Helsinki)",8233,3773,4460
"00850  Jollas (Helsinki)",3148,1565,1583
"00860  Santahamina (Helsinki)",387,212,175
"00870  Etelä-Laajasalo (Helsinki)",6233,2867,3366
"00880  Roihupellon teollisuusalue (Helsinki)",741,355,386
"00890  Östersundom (Helsinki)",1944,974,970
"00900  Puotinharju (Helsinki)",4258,2032,2226
"00910  Puotila (Helsinki)",5849,2715,3134
"00920  Myllypuro (Helsinki)",13756,6646,7110
"00930  Itäkeskus-Marjaniemi (Helsinki)",6794,3220,3574
"00940  Kontula - Vesala (Helsinki)",26010,12536,13474
"00950  Vartioharju (Helsinki)",6060,2973,3087
"00960  Pohjois-Vuosaari (Helsinki)",7192,3476,3716
"00970  Mellunmäki (Helsinki)",10637,5010,5627
"00980  Etelä-Vuosaari (Helsinki)",23183,10764,12419
"00990  Aurinkolahti (Helsinki)",8587,3982,4605
"01120  Västerskog (Sipoo)",1412,747,665
"01150  Söderkulla (Sipoo)",5900,2949,2951
"01180  Kalkkiranta (Porvoo)",455,234,221
"01190  Box (Sipoo)",1026,503,523
"01200  Hakunila (Vantaa)",12195,6027,6168
"01230  Vaarala (Vantaa)",2971,1505,1466
"01260  Itä-Hakkila (Vantaa)",4870,2476,2394
"01280  Länsimäki (Vantaa)",9699,4793,4906
"01300  Tikkurila (Vantaa)",20713,10017,10696
"01340  Leinelä (Vantaa)",2095,948,1147
"01350  Hiekkaharju (Vantaa)",10261,5032,5229
"01360  Koivukylä-Havukoski (Vantaa)",12037,5944,6093
"01370  Jokiniemi (Vantaa)",6605,3197,3408
"01380  Kuusikko-Hakkila (Vantaa)",1950,965,985
"01390  Ruskeasanta-Ilola (Vantaa)",9159,4571,4588
"01400  Rekola (Vantaa)",8917,4350,4567
"01420  Päiväkumpu (Vantaa)",3219,1662,1557
"01450  Korso (Vantaa)",18193,9141,9052
"01480  Mikkola (Vantaa)",6382,3207,3175
"01490  Nikinmäki (Vantaa)",4314,2160,2154
"01510  Kirkonkylä-Veromäki (Vantaa)",6395,3214,3181
"01520  Tammisto (Vantaa)",7758,3744,4014
"01530  Veromiehenkylä (Vantaa)",627,347,280
"01600  Myyrmäki (Vantaa)",17467,8345,9122
"01610  Kaivoksela (Vantaa)",5326,2700,2626
"01620  Martinlaakso (Vantaa)",12462,6099,6363
"01630  Hämeenkylä (Vantaa)",2073,1009,1064
"01640  Hämevaara (Vantaa)",3424,1718,1706
"01650  Vapaala (Vantaa)",4088,2086,2002
"01660  Varisto (Vantaa)",2317,1131,1186
"01670  Vantaanlaakso (Vantaa)",2844,1432,1412
"01680  Askisto (Vantaa)",2078,1043,1035
"01690  Ylästö (Vantaa)",4820,2411,2409
"01700  Kivistö (Vantaa)",8085,3983,4102
"01710  Pähkinärinne (Vantaa)",5092,2474,2618
"01720  Petikko (Vantaa)",62,34,28
"01730  Vantaanpuisto (Vantaa)",2636,1370,1266
"01740  Tuupakan teollisuusalue (Vantaa)",201,108,93
"01750  Keimola (Vantaa)",844,429,415
"01760  Seutula (Vantaa)",2051,1052,999
"01770  Martinlaakson teollisuusalue (Vantaa)",0,0,0
"01800  Klaukkala Keskus (Nurmijärvi)",9076,4437,4639
"01810  Luhtajoki (Nurmijärvi)",683,353,330
"01820  Haikala (Nurmijärvi)",3336,1630,1706
"01830  Lepsämä (Nurmijärvi)",2419,1239,1180
"01840  Klaukkala (Nurmijärvi)",3991,1976,2015
"01860  Perttula (Nurmijärvi)",2073,1079,994
"01900  Nurmijärvi Keskus (Nurmijärvi)",8953,4428,4525
"01940  Palojoki (Nurmijärvi)",781,393,388
"02100  Tapiola (Espoo)",5193,2465,2728
"02110  Otsolahti (Espoo)",2779,1353,1426
"02120  Länsikorkee-Suvikumpu (Espoo)",2768,1373,1395
"02130  Pohjois-Tapiola (Espoo)",6354,3121,3233
"02140  Laajalahti (Espoo)",3711,1876,1835
"02150  Otaniemi (Espoo)",3749,2548,1201
"02160  Westend (Espoo)",3124,1544,1580
"02170  Haukilahti (Espoo)",5671,2702,2969
"02180  Mankkaa (Espoo)",6899,3381,3518
"02200  Niittykumpu (Espoo)",8750,4308,4442
"02210  Olari (Espoo)",11500,5526,5974
"02230  Matinkylä (Espoo)",21773,10512,11261
"02240  Friisilä (Espoo)",2316,1155,1161
"02250  Henttaa (Espoo)",4623,2239,2384
"02260  Kaitaa (Espoo)",3732,1818,1914
"02270  Finnoo-Eestinmalmi (Espoo)",2206,1110,1096
"02280  Malminmäki-Eestinlaakso (Espoo)",4440,2208,2232
"02290  Puolarmetsän sairaala (Espoo)",3,...,...
"02300  Nöykkiönpuro (Espoo)",2575,1284,1291
"02320  Espoonlahti (Espoo)",16489,7844,8645
"02330  Saunalahti-Kattilalaakso (Espoo)",10069,4971,5098
"02340  Latokaski (Espoo)",4982,2471,2511
"02360  Soukka (Espoo)",9918,4842,5076
"02380  Suvisaaristo (Espoo)",649,332,317
"02390  Sarvvik (Kirkkonummi)",603,288,315
"02400  Kirkkonummi Keskus (Kirkkonummi)",12388,5986,6402
"02410  Gesterby (Kirkkonummi)",1996,1050,946
"02420  Jorvas (Kirkkonummi)",1784,894,890
"02430  Masala (Kirkkonummi)",4385,2155,2230
"02440  Luoma (Kirkkonummi)",599,294,305
"02450  Sundsberg (Kirkkonummi)",2126,1029,1097
"02460  Kantvik (Kirkkonummi)",1782,920,862
"02470  Upinniemi (Kirkkonummi)",265,144,121
"02480  Porkkala (Kirkkonummi)",4542,2327,2215
"02490  Pikkala (Siuntio)",303,171,132
"02510  Oitmäki (Kirkkonummi)",465,243,222
"02520  Lapinkylä (Kirkkonummi)",795,402,393
"02540  Kylmälä (Kirkkonummi)",618,303,315
"02550  Evitskog (Kirkkonummi)",850,446,404
"02570  Siuntio Kirkonkylä (Siuntio)",1285,675,610
"02580  Siuntio Asemanseutu (Siuntio)",3435,1685,1750
"02590  Lappers (Siuntio)",247,132,115
"02600  Etelä-Leppävaara (Espoo)",11901,5918,5983
"02610  Kilo (Espoo)",6589,3362,3227
"02620  Karakallio (Espoo)",8401,4068,4333
"02630  Nihtisilta (Espoo)",3444,1726,1718
"02650  Pohjois-Leppävaara (Espoo)",10829,5374,5455
"02660  Lintuvaara (Espoo)",6165,3182,2983
"02680  Uusmäki (Espoo)",2871,1395,1476
"02700  Kauniainen (Kauniainen)",9484,4555,4929
"02710  Viherlaakso (Espoo)",5929,2869,3060
"02720  Lähderanta (Espoo)",2996,1478,1518
"02730  Jupperi (Espoo)",4613,2307,2306
"02740  Bemböle-Pakankylä (Espoo)",3298,1611,1687
"02750  Sepänkylä-Kuurinniitty (Espoo)",6486,3265,3221
"02760  Tuomarila-Suvela (Espoo)",14422,7097,7325
"02770  Espoon Keskus (Espoo)",10706,5317,5389
"02780  Kauklahti (Espoo)",11153,5568,5585
"02810  Gumböle-Karhusuo (Espoo)",1785,910,875
"02820  Nupuri-Nuuksio (Espoo)",1517,775,742
"02860  Siikajärvi (Espoo)",623,312,311
"02880  Veikkola (Kirkkonummi)",5781,2899,2882
"02920  Niipperi (Espoo)",5577,2810,2767
"02940  Lippajärvi-Järvenperä (Espoo)",10308,5108,5200
"02970  Kalajärvi (Espoo)",3824,1961,1863
"02980  Lakisto (Espoo)",325,167,158
"03100  Nummela (Vihti)",15609,7589,8020
"03150  Huhmari (Vihti)",766,387,379
"03220  Tervalampi (Vihti)",582,293,289
"03250  Ojakkala (Vihti)",1919,990,929
"03300  Otalampi (Vihti)",2374,1236,1138
"03320  Selki (Vihti)",340,172,168
"03400  Vihti Kirkonkylä (Vihti)",6369,3196,3173
"03430  Jokikunta (Vihti)",538,293,245
"03600  Karkkila Keskus (Karkkila)",6419,3134,3285
"03620  Polari (Karkkila)",2118,1081,1037
"03710  Uusitalo (Karkkila)",195,97,98
"03790  Vihtijärvi (Vihti)",513,255,258
"03810  Ikkala (Lohja)",579,293,286
"03850  Pusula (Lohja)",1612,795,817
"03870  Hyönölä (Lohja)",187,97,90
"04130  Sipoo (Sipoo)",7503,3669,3834
"04150  Martinkylä (Sipoo)",633,342,291
"04170  Paippinen (Sipoo)",1288,649,639
"04200  Kerava Keskus (Kerava)",11658,5482,6176
"04220  Ahjo-Kaskela (Kerava)",5255,2662,2593
"04230  Pihkaniitty (Kerava)",7652,3779,3873
"04240  Talma (Sipoo)",1222,626,596
"04250  Alikerava (Kerava)",4990,2479,2511
"04260  Savio (Kerava)",6403,3201,3202
"04300  Hyrylä (Tuusula)",10303,5050,5253
"04310  Tuusula Keskus (Tuusula)",2592,1237,1355
"04320  Riihikallio (Tuusula)",5022,2499,2523
"04330  Lahela (Tuusula)",2316,1151,1165
"04340  Mattila (Tuusula)",2177,1109,1068
"04350  Nahkela (Tuusula)",504,269,235
"04360  Ruotsinkylä-Kiilinmäki (Tuusula)",1215,650,565
"04370  Rusutjärvi (Tuusula)",746,383,363
"04380  Tuomala (Tuusula)",599,300,299
"04390  Jäniksenlinna (Tuusula)",459,246,213
"04400  Loutti (Järvenpää)",10454,4928,5526
"04410  Järvenpää Keskus (Järvenpää)",11311,5400,5911
"04420  Kyrölä (Järvenpää)",3965,1919,2046
"04430  Kinnari-Mikonkorpi (Järvenpää)",9252,4504,4748
"04440  Jamppa (Järvenpää)",4614,2388,2226
"04460  Nummenkylä (Järvenpää)",1958,1015,943
"04480  Haarajoki (Mäntsälä)",2417,1244,1173
"04500  Kellokoski (Tuusula)",6039,3021,3018
"04530  Ohkola (Mäntsälä)",913,469,444
"04600  Mäntsälä Keskus (Mäntsälä)",9321,4449,4872
"04620  Kaunismäki (Mäntsälä)",2104,1056,1048
"04630  Sääksjärvi (Mäntsälä)",868,452,416
"04660  Numminen (Mäntsälä)",1652,849,803
"04680  Hirvihaara (Mäntsälä)",661,337,324
"04740  Sälinkää (Mäntsälä)",1140,587,553
"04770  Sahakylä (Mäntsälä)",213,116,97
"04820  Kaukalampi (Mäntsälä)",310,161,149
"04840  Hautjärvi (Mäntsälä)",229,110,119
"04920  Saarentaus (Mäntsälä)",336,173,163
"04940  Levanto (Mäntsälä)",290,138,152
"05100  Röykkä (Nurmijärvi)",2211,1124,1087
"05200  Rajamäki (Nurmijärvi)",6942,3491,3451
"05250  Kiljava (Nurmijärvi)",172,79,93
"05400  Jokela (Tuusula)",6536,3272,3264
"05430  Nuppulinna (Tuusula)",994,503,491
"05440  Hyvinkää (Hyvinkää)",816,411,405
"05450  Nukari (Nurmijärvi)",1052,540,512
"05460  Hakalanmäki-Hakala (Hyvinkää)",3241,1577,1664
"05470  Palopuro (Hyvinkää)",324,171,153
"05510  Päivärinta (Hyvinkää)",441,233,208
"05620  Noppo (Hyvinkää)",1281,667,614
"05720  Kytäjä (Hyvinkää)",562,287,275
"05800  Hyvinkää Keskus (Hyvinkää)",9638,4413,5225
"05810  Martti (Hyvinkää)",5790,2850,2940
"05820  Mustamännistö (Hyvinkää)",5119,2630,2489
"05830  Kirjavatolppa-Kruununpuisto (Hyvinkää)",6998,3405,3593
"05840  Hyvinkäänkylä-Vehkoja (Hyvinkää)",3660,1851,1809
"05850  Hyvinkää, sairaala-alue (Hyvinkää)",0,0,0
"05860  Talvisilta (Hyvinkää)",1381,714,667
"05880  Paavola-Vaivero (Hyvinkää)",3364,1638,1726
"05900  Vieremä (Hyvinkää)",3924,1829,2095
"05950  Ridasjärvi (Hyvinkää)",378,204,174
"06100  Porvoo Keskus (Porvoo)",18684,8716,9968
"06150  Kevätkumpu (Porvoo)",6028,2932,3096
"06200  Porvoo itäinen (Porvoo)",2546,1321,1225
"06400  Gammelbacka (Porvoo)",7377,3663,3714
"06450  Eestinmäki-Ernestas (Porvoo)",2016,995,1021
"06500  Saksala-Suomenkylä (Porvoo)",2099,1090,1009
"06530  Kerkkoo (Porvoo)",781,397,384
"06650  Hamari (Porvoo)",1424,749,675
"06750  Tolkkinen (Porvoo)",1803,923,880
"06830  Kulloonkylä (Porvoo)",1060,529,531
"06850  Kulloo (Porvoo)",20,...,...
"06880  Kärrby (Sipoo)",338,182,156
"06950  Emäsalo (Porvoo)",372,186,186
"07110  Hinthaara (Porvoo)",1530,784,746
"07130  Anttila (Porvoo)",655,330,325
"07150  Laukkoski (Pornainen)",1008,520,488
"07170  Keski-Pornainen (Pornainen)",2476,1230,1246
"07190  Halkia (Pornainen)",1412,717,695
"07220  Kaarenkylä (Porvoo)",299,155,144
"07230  Askola (Askola)",1612,798,814
"07280  Ilola (Porvoo)",914,470,444
"07310  Sannainen (Porvoo)",418,218,200
"07320  Jakari-Sannäs (Porvoo)",456,234,222
"07350  Gäddrag (Porvoo)",72,39,33
"07360  Tirmo (Porvoo)",36,22,14
"07370  Pellinki (Porvoo)",136,67,69
"07390  Suurpellinki (Porvoo)",114,65,49
"07410  Kråkö (Porvoo)",311,151,160
"07450  Voolahti (Porvoo)",413,201,212
"07500  Askola Kirkonkylä (Askola)",1139,554,585
"07510  Askola (Askola)",659,348,311
"07530  Askola (Askola)",277,143,134
"07550  Torpinkylä (Pukkila)",297,155,142
"07560  Pukkila Keskus (Pukkila)",1308,660,648
"07565  Kantele (Pukkila)",246,133,113
"07580  Askola (Askola)",78,40,38
"07590  Askola (Askola)",622,321,301
"07600  Myrskylä Keskus (Myrskylä)",1666,809,857
"07680  Askola (Askola)",522,287,235
"07690  Kankkila (Myrskylä)",131,67,64
"07700  Koskenkylän saha-alue (Loviisa)",1178,589,589
"07720  Malmgård (Loviisa)",74,39,35
"07740  Gammelby (Loviisa)",412,221,191
"07750  Isnäs (Loviisa)",532,277,255
"07780  Härkäpää (Loviisa)",166,88,78
"07800  Lapinjärvi Keskus (Lapinjärvi)",872,401,471
"07810  Ingermaninkylä (Lapinjärvi)",273,145,128
"07820  Porlammi (Lapinjärvi)",476,237,239
"07830  Pukaro (Lapinjärvi)",269,146,123
"07840  Lindkoski (Lapinjärvi)",199,100,99
"07850  Heikinkylä (Lapinjärvi)",308,166,142
"07870  Skinnarby (Loviisa)",409,208,201
"07880  Liljendal Keskus (Loviisa)",1021,510,511
"07890  Mickelspiltom (Loviisa)",191,93,98
"07900  Loviisa Keskus (Loviisa)",4040,1862,2178
"07910  Valko (Loviisa)",1077,582,495
"07920  Etelä-Harju (Loviisa)",1399,728,671
"07930  Pernaja Kirkonkylä (Loviisa)",635,334,301
"07940  Määrlahti (Loviisa)",980,497,483
"07945  Kuggom (Loviisa)",467,237,230
"07955  Tesjoki (Loviisa)",1176,600,576
"07960  Ahvenkoski (Loviisa)",122,65,57
"07970  Ruotsinpyhtää Keskus (Loviisa)",533,277,256
"07980  Kuninkaankylä (Loviisa)",284,150,134
"07990  Ruotsinkylä-Koskisto (Loviisa)",278,146,132
"08100  Lohja Keskus (Lohja)",7834,3575,4259
"08150  Keskilohja (Lohja)",5265,2636,2629
"08200  Ojamo (Lohja)",3756,1750,2006
"08350  Routio (Lohja)",2240,1145,1095
"08360  Kisakallio (Lohja)",1,...,...
"08450  Hormajärvi (Lohja)",281,139,142
"08480  Karstu (Lohja)",259,129,130
"08500  Ventelä-Millola (Lohja)",6425,3201,3224
"08680  Muijala (Lohja)",1757,894,863
"08700  Virkkala (Lohja)",7476,3741,3735
"08800  Kirkniemi (Lohja)",1561,813,748
"09120  Karjalohja (Lohja)",1202,589,613
"09220  Sammatti (Lohja)",1620,806,814
"09430  Saukkola (Lohja)",1652,831,821
"09520  Millola (Lohja)",132,70,62
"09630  Koisjärvi (Lohja)",479,260,219
"09810  Nummi-Oinola (Lohja)",977,496,481
"09930  Leppäkorpi (Lohja)",299,147,152
"10120  Tähtelä (Ingå)",601,305,296
"10140  Päivölä (Ingå)",298,147,151
"10160  Degerby (Ingå)",881,460,421
"10210  Inkoo Keskus (Ingå)",2742,1312,1430
"10230  Inkoo Asemanseutu (Ingå)",367,189,178
"10250  Fagervik (Ingå)",131,74,57
"10270  Barösund (Ingå)",133,77,56
"10300  Karjaa Keskus (Raasepori)",7278,3547,3731
"10320  Bäljars (Raasepori)",1286,650,636
"10330  Pinjainen (Raasepori)",605,294,311
"10350  Meltolan sairaala-alue (Raasepori)",13,...,...
"10360  Mustio (Raasepori)",1267,668,599
"10380  Kaunislahti (Raasepori)",110,61,49
"10410  Åminnefors (Raasepori)",343,189,154
"10420  Pohjankuru (Raasepori)",1736,876,860
"10440  Bollsta (Raasepori)",327,159,168
"10470  Fiskari (Raasepori)",540,269,271
"10480  Antskog (Raasepori)",117,61,56
"10520  Tenhola Kirkonkylä (Raasepori)",1713,846,867
"10570  Bromarv (Raasepori)",459,234,225
"10600  Tammisaari Keskus (Raasepori)",4846,2274,2572
"10620  Tammisaari (Raasepori)",1867,962,905
"10640  Dragsvik (Raasepori)",924,444,480
"10650  Flyet (Raasepori)",2662,1267,1395
"10660  Trollböle (Raasepori)",831,444,387
"10680  Skogby (Raasepori)",197,98,99
"10710  Snappertuna (Raasepori)",368,192,176
"10820  Lappohja (Hanko)",553,294,259
"10900  Hanko Keskus (Hanko)",4010,1959,2051
"10940  Hangonkylä (Hanko)",2021,1009,1012
"10960  Hanko Pohjoinen (Hanko)",1735,874,861
"11100  Riihimäki Keskus (Riihimäki)",6479,3062,3417
"11120  Pohjois-Riihimäki (Riihimäki)",6859,3459,3400
"11130  Peltosaari-Patastenmäki (Riihimäki)",9702,4792,4910
"11310  Taka-Kasarmi (Riihimäki)",738,370,368
"11710  Herajoki (Riihimäki)",3056,1582,1474
"11910  Lasi-Kumela (Janakkala)",2396,1220,1176
"12100  Oitti (Hausjärvi)",2545,1259,1286
"12130  Mommila (Hausjärvi)",303,161,142
"12170  Hietoinen (Hausjärvi)",212,114,98
"12210  Hausjärvi kk (Hausjärvi)",228,116,112
"12240  Hikiä (Hausjärvi)",1654,854,800
"12310  Ryttylä (Hausjärvi)",1812,918,894
"12350  Turkhauta (Hausjärvi)",431,230,201
"12380  Leppäkoski (Janakkala)",520,281,239
"12400  Tervakoski (Janakkala)",4574,2314,2260
"12450  Vähikkälä (Janakkala)",272,148,124
"12520  Kormu (Loppi)",482,243,239
"12540  Launonen (Loppi)",1556,798,758
"12600  Läyliäinen (Loppi)",1771,945,826
"12630  Sajaniemi (Loppi)",289,151,138
"12640  Joentaka (Loppi)",313,172,141
"12700  Loppi kk (Loppi)",2227,1085,1142
"12750  Pilpala (Loppi)",507,267,240
"12820  Räyskälä (Loppi)",50,28,22
"12920  Topeno (Loppi)",366,197,169
"12950  Vojakkala-Eerolankulma (Loppi)",163,94,69
"13100  Hämeenlinna Keskus (Hämeenlinna)",11271,5196,6075
"13110  Kantola (Hämeenlinna)",182,112,70
"13130  Kauriala (Hämeenlinna)",6067,2805,3262
"13200  Keinusaari (Hämeenlinna)",1640,709,931
"13210  Hätilä (Hämeenlinna)",8119,3853,4266
"13220  Sairio (Hämeenlinna)",1802,919,883
"13250  Katuma (Hämeenlinna)",1018,518,500
"13270  Ruununmylly (Hämeenlinna)",1721,871,850
"13300  Käikälä (Hämeenlinna)",2817,1409,1408
"13330  Harviala (Janakkala)",824,419,405
"13430  Hattelmala (Hämeenlinna)",1173,598,575
"13500  Jukola (Hämeenlinna)",11770,5693,6077
"13530  Hämeenlinna sairaala-alue (Hämeenlinna)",2,...,...
"13600  Ojoinen (Hämeenlinna)",3682,1786,1896
"13700  Parolannummi (Hattula)",407,209,198
"13720  Parola (Hattula)",4467,2225,2242
"13800  Katinala (Hattula)",1312,649,663
"13880  Rahkoila (Hattula)",1204,612,592
"13900  Pekola (Hattula)",877,457,420
"14140  Jokimaa (Janakkala)",191,100,91
"14200  Turenki (Janakkala)",8661,4279,4382
"14240  Väli-Janakkala (Janakkala)",880,475,405
"14300  Renko kk (Hämeenlinna)",2203,1119,1084
"14430  Vuohiniemi (Hattula)",65,33,32
"14450  Rimmilä (Hämeenlinna)",125,63,62
"14500  Iittala (Hämeenlinna)",3257,1630,1627
"14530  Leteensuo (Hattula)",225,130,95
"14610  Lepaa (Hattula)",391,198,193
"14620  Tyrväntö (Hattula)",151,80,71
"14680  Alvettula (Hämeenlinna)",583,291,292
"14690  Torvoila (Hämeenlinna)",164,93,71
"14700  Hauho kk (Hämeenlinna)",1870,909,961
"14770  Eteläinen (Hämeenlinna)",924,471,453
"14810  Pohjoinen (Hämeenlinna)",281,147,134
"14820  Syrjäntaka (Hämeenlinna)",827,423,404
"14840  Sairiala (Hämeenlinna)",225,113,112
"14870  Juttila (Hämeenlinna)",226,111,115
"14930  Sappee (Hämeenlinna)",100,53,47
"14960  Puutikkala (Pälkäne)",77,39,38
"14980  Kuohijoki (Pälkäne)",43,25,18
"15100  Lahti Asemanseutu (Lahti)",6494,2875,3619
"15110  Keski-Lahti (Lahti)",5157,2272,2885
"15140  Kartano-Paavola (Lahti)",15247,6728,8519
"15150  Möysä (Lahti)",4402,2104,2298
"15160  Kolava (Lahti)",2654,1347,1307
"15170  Tenava-Tonttila (Lahti)",3770,1799,1971
"15200  Kiveriö (Lahti)",3436,1707,1729
"15210  Kivistönmäki (Lahti)",4449,2166,2283
"15230  Kytölä (Lahti)",2775,1406,1369
"15240  Mukkula (Lahti)",7800,3643,4157
"15270  Kukkila (Hollola)",1813,919,894
"15300  Myllypohja-Koiskala (Lahti)",4139,2097,2042
"15320  Ahtiala (Lahti)",3051,1556,1495
"15340  Kunnas-Hiekkanummi (Lahti)",2777,1452,1325
"15460  Mäkelä (Lahti)",555,284,271
"15500  Liipola (Lahti)",4977,2348,2629
"15520  Saksala (Lahti)",2201,1045,1156
"15540  Villähde (Lahti)",4463,2293,2170
"15550  Rakokivi (Lahti)",3575,1763,1812
"15560  Nastola kk (Lahti)",3987,1980,2007
"15580  Ruuhijärvi (Lahti)",222,122,100
"15610  Laune-Nikkilä (Lahti)",5423,2781,2642
"15680  Renkomäki-Ämmälä (Lahti)",3267,1684,1583
"15700  Hennala-Jokimaa (Hollola)",6910,3447,3463
"15800  Kärpänen (Lahti)",3379,1737,1642
"15810  Kasakkamäki (Lahti)",1424,717,707
"15820  Okeroinen (Hollola)",1078,565,513
"15830  Metsäkangas (Lahti)",3712,1750,1962
"15840  Riihelä (Lahti)",2037,987,1050
"15850  Likolampi (Lahti)",638,338,300
"15860  Kartano (Hollola)",3494,1674,1820
"15870  Salpakangas (Hollola)",4115,1817,2298
"15880  Soramäki (Hollola)",4632,2339,2293
"15900  Jalkaranta (Lahti)",1703,799,904
"15950  Kiikkula (Lahti)",3768,1733,2035
"15980  Messilä (Hollola)",0,0,0
"16100  Uusikylä (Lahti)",1344,715,629
"16160  Okkeri (Lahti)",100,54,46
"16200  Artjärvi Keskus (Orimattila)",659,333,326
"16230  Artjärvi Kirkonkylä (Orimattila)",315,163,152
"16260  Hietana (Orimattila)",172,88,84
"16270  Villikkala (Orimattila)",137,70,67
"16280  Kuivanto (Orimattila)",577,304,273
"16300  Orimattila Keskus (Orimattila)",10513,5125,5388
"16310  Virenoja (Orimattila)",663,341,322
"16320  Pennala (Orimattila)",1123,600,523
"16330  Heinämaa (Orimattila)",336,179,157
"16350  Niinikoski (Orimattila)",324,159,165
"16390  Pakaa (Orimattila)",276,142,134
"16450  Mallusjoki (Orimattila)",425,233,192
"16500  Herrala (Hollola)",891,457,434
"16510  Luhtikylä (Orimattila)",419,230,189
"16540  Mertie (Kärkölä)",285,151,134
"16600  Järvelä (Kärkölä)",2878,1420,1458
"16610  Kärkölä kk (Kärkölä)",689,351,338
"16630  Tennilä (Hollola)",328,162,166
"16670  Lappila (Kärkölä)",596,325,271
"16710  Hollola kk (Hollola)",1011,488,523
"16730  Kutajärvi (Hollola)",997,518,479
"16790  Manskivi (Hollola)",100,45,55
"16800  Hämeenkoski (Hollola)",1993,981,1012
"16900  Lammi kk (Hämeenlinna)",4664,2328,2336
"16960  Iso-Evo (Hämeenlinna)",158,75,83
"16970  Evo (Hämeenlinna)",72,47,25
"17110  Sipilä (Hollola)",1125,559,566
"17120  Paimela (Hollola)",562,300,262
"17130  Vesivehmaa (Asikkala)",811,422,389
"17150  Urajärvi (Asikkala)",356,192,164
"17200  Vääksy Keskus (Asikkala)",5219,2502,2717
"17220  Pietilä (Asikkala)",157,91,66
"17240  Kalkkinen (Asikkala)",382,218,164
"17320  Asikkala (Asikkala)",323,168,155
"17410  Viitaila (Asikkala)",236,130,106
"17430  Kurhila (Asikkala)",288,152,136
"17440  Vähimaa (Asikkala)",54,27,27
"17450  Iso-Äiniö-Vähimaa (Asikkala)",207,104,103
"17470  Maakeski (Padasjoki)",277,147,130
"17500  Padasjoki Keskus (Padasjoki)",1750,853,897
"17510  Nyystölä (Padasjoki)",240,119,121
"17530  Arrakoski (Padasjoki)",223,120,103
"17610  Auttoinen (Padasjoki)",256,128,128
"17630  Vesijako (Padasjoki)",109,58,51
"17710  Torittu (Padasjoki)",61,31,30
"17740  Kasiniemi-Torittu (Padasjoki)",48,23,25
"17780  Harmoinen (Kuhmoinen)",76,37,39
"17800  Kuhmoinen Keskus (Kuhmoinen)",1764,849,915
"17840  Harjunsalmi (Kuhmoinen)",75,45,30
"17850  Pihlajakoski (Kuhmoinen)",66,36,30
"17870  Ruolahti (Kuhmoinen)",46,26,20
"17930  Päijälä (Kuhmoinen)",75,40,35
"17950  Kylämä (Kuhmoinen)",32,15,17
"17970  Puukkoinen (Kuhmoinen)",34,22,12
"18100  Heinola Keskus (Heinola)",6782,3062,3720
"18120  Reumasairaala-alue (Heinola)",882,442,440
"18130  Tommola-Sahanniemi (Heinola)",1820,898,922
"18150  Jyränkö (Heinola)",2266,1087,1179
"18200  Kaakonlampi-Pyhätön (Heinola)",2071,1010,1061
"18300  Heinola kk (Heinola)",2684,1357,1327
"18600  Myllyoja (Heinola)",809,431,378
"19110  Vierumäki taajama (Heinola)",644,326,318
"19120  Vierumäki urheiluopisto (Heinola)",137,77,60
"19160  Huutotöyry (Iitti)",486,255,231
"19210  Lusi (Heinola)",469,247,222
"19230  Onkiniemi (Sysmä)",110,54,56
"19250  Syrjäkoski (Heinola)",48,24,24
"19260  Paaso-Syrjäkoski (Heinola)",113,65,48
"19310  Karilanmaa (Sysmä)",78,39,39
"19320  Nikkaroinen (Sysmä)",94,49,45
"19370  Nuoramoinen (Sysmä)",382,200,182
"19410  Kuortti (Pertunmaa)",445,231,214
"19420  Mansikkamäki (Pertunmaa)",166,94,72
"19430  Pertunmaa Keskus (Pertunmaa)",707,346,361
"19460  Ruorasmäki (Pertunmaa)",105,54,51
"19470  Lihavanpää-Hartosenpää (Pertunmaa)",160,86,74
"19480  Hartosenpää (Pertunmaa)",71,42,29
"19510  Lepsala (Hartola)",35,20,15
"19540  Koitti-Lepsala (Hartola)",273,152,121
"19600  Hartola Keskus (Hartola)",1988,967,1021
"19610  Murakka (Hartola)",81,48,33
"19620  Pohela (Hartola)",165,84,81
"19630  Kalhonkylä (Hartola)",80,36,44
"19650  Joutsa Keskus (Joutsa)",3271,1625,1646
"19670  Mieskonmäki (Joutsa)",144,84,60
"19700  Sysmä Keskus (Sysmä)",2775,1317,1458
"19730  Särkilampi (Sysmä)",29,...,...
"19740  Liikola (Sysmä)",116,66,50
"19770  Valittula (Sysmä)",128,65,63
"19850  Putkijärvi-Siltasuo (Hartola)",81,48,33
"19910  Tammijärvi (Luhanka)",406,212,194
"19920  Pappinen (Joutsa)",148,89,59
"19950  Luhanka (Luhanka)",294,157,137
"20100  Turku Keskus (Turku)",27104,12440,14664
"20200  Iso-Heikkilä (Turku)",2356,1179,1177
"20210  Pahaniemi (Turku)",4152,2070,2082
"20240  Pansio-Perno (Turku)",5115,2731,2384
"20250  Pitkämäki-Muhkuri (Turku)",744,367,377
"20300  Pohjola-Kastu (Turku)",7078,3362,3716
"20320  Kuninkoja-Mälikkälä (Turku)",16751,7778,8973
"20360  Kärsämäki-Urusvuori-Halinen (Turku)",10930,5183,5747
"20380  Räntämäki-Saramäki (Turku)",2772,1405,1367
"20400  Moisio (Turku)",3416,1674,1742
"20460  Jäkärlä (Turku)",3439,1759,1680
"20500  Vesilinna (Turku)",6580,3042,3538
"20520  Kupittaa (Turku)",3700,1721,1979
"20540  Nummi-Ylioppilaskylä (Turku)",20959,10516,10443
"20610  Varissuo (Turku)",13293,6399,6894
"20660  Littoinen (Kaarina)",7267,3619,3648
"20700  Vartiovuori-Samppalinna (Turku)",5984,2615,3369
"20720  Vasaramäki (Turku)",6333,2825,3508
"20730  Skanssi (Turku)",532,238,294
"20740  Ilpoinen-Harittu (Turku)",9445,4404,5041
"20750  Huhkola-Lauste-Vaala (Turku)",5140,2523,2617
"20760  Piispanristi (Kaarina)",4544,2178,2366
"20780  Kaarina Keskus (Kaarina)",12233,5837,6396
"20800  Ammattikorkeakoulu (Turku)",0,0,0
"20810  Martti-Korppolaismäki (Turku)",17007,7879,9128
"20880  Uittamo (Turku)",4033,1874,2159
"20900  Moikoinen-Pikisaari (Turku)",10026,4796,5230
"20960  Kakskerta (Turku)",1399,707,692
"21100  Naantali Keskus (Naantali)",7014,3214,3800
"21110  Taimo-Nuhjala-Lietsala (Naantali)",7666,3757,3909
"21120  Viherjäinen (Raisio)",1965,1003,962
"21130  Poikko (Naantali)",559,283,276
"21140  Rymättylä Keskus (Naantali)",1246,640,606
"21150  Röölä (Naantali)",296,151,145
"21160  Merimasku (Naantali)",1724,885,839
"21180  Livonsaari (Naantali)",232,126,106
"21195  Velkua (Naantali)",211,102,109
"21200  Raisio Keskus (Raisio)",11989,5644,6345
"21210  Hakinmäki (Raisio)",2503,1268,1235
"21220  Somersoja (Raisio)",1366,692,674
"21230  Lemu (Masku)",1831,931,900
"21240  Askainen Keskus (Masku)",842,428,414
"21250  Masku (Masku)",6569,3343,3226
"21260  Ihala (Raisio)",3541,1783,1758
"21270  Nousiainen (Nousiainen)",4731,2412,2319
"21280  Kuloinen (Raisio)",2506,1258,1248
"21290  Rusko (Rusko)",4349,2173,2176
"21310  Vahto (Rusko)",1775,892,883
"21330  Paattinen (Turku)",1831,918,913
"21340  Tortinmäki (Turku)",508,262,246
"21350  Ilmarinen (Lieto)",2050,1054,996
"21360  Lieto Asemanseutu (Lieto)",1844,958,886
"21370  Aura kk. (Aura)",574,294,280
"21380  Aura Keskus (Aura)",3411,1633,1778
"21410  Vanhalinna (Lieto)",2582,1273,1309
"21420  Lieto Keskus (Lieto)",7956,3845,4111
"21430  Yliskulma (Lieto)",822,420,402
"21450  Tarvasjoki Keskus (Lieto)",1812,899,913
"21480  Prunkila (Marttila)",361,193,168
"21490  Marttila (Marttila)",1142,542,600
"21500  Piikkiö (Kaarina)",7252,3616,3636
"21510  Hevonpää (Paimio)",489,253,236
"21520  Naskarla (Paimio)",4,...,...
"21530  Paimio Keskus (Paimio)",8597,4243,4354
"21540  Preitilä (Paimio)",1308,675,633
"21555  Taatila (Paimio)",323,171,152
"21560  Ollila (Marttila)",495,286,209
"21570  Sauvo Keskus (Sauvo)",2551,1290,1261
"21590  Karuna (Sauvo)",413,222,191
"21600  Parainen Keskus (Pargas)",10576,5189,5387
"21610  Kirjala (Pargas)",1050,541,509
"21620  Kuusisto (Kaarina)",2100,1035,1065
"21630  Lielahti (Pargas)",574,295,279
"21650  Lillandet (Pargas)",419,212,207
"21660  Nauvo Keskus (Pargas)",746,363,383
"21670  Mattnäs-Nötö (Pargas)",202,104,98
"21680  Nötö (Pargas)",8,...,...
"21710  Korppoo Keskus-Utö (Pargas)",650,331,319
"21720  Korpoström (Pargas)",20,...,...
"21740  Utö (Pargas)",48,26,22
"21750  Norrskata (Pargas)",87,48,39
"21760  Houtskär Keskus (Pargas)",398,209,189
"21770  Mossala (Pargas)",120,62,58
"21800  Kyrö (Pöytyä)",2441,1236,1205
"21820  Kumila (Pöytyä)",333,179,154
"21840  Karinainen (Pöytyä)",372,183,189
"21860  Auvainen (Pöytyä)",402,212,190
"21870  Riihikoski (Pöytyä)",1916,966,950
"21880  Pöytyä (Pöytyä)",373,200,173
"21890  Haveri (Pöytyä)",254,131,123
"21900  Yläne Keskus (Pöytyä)",1491,736,755
"21930  Uusikartano (Pöytyä)",527,291,236
"22100  Maarianhamina (Mariehamn)",11748,5615,6133
"22120  Möckelö (Jomala)",954,489,465
"22130  Gottby (Jomala)",876,443,433
"22140  Önningby (Jomala)",1211,640,571
"22150  Jomala Centrum (Jomala)",1937,982,955
"22160  Järsö (Lemland)",359,179,180
"22220  Emkarby (Finström)",393,208,185
"22240  Hammarland (Hammarland)",1540,792,748
"22270  Storby (Eckerö)",933,476,457
"22310  Pålsböle (Finström)",533,273,260
"22320  Ödkarby (Saltvik)",823,425,398
"22330  Tjudö (Finström)",336,164,172
"22340  Geta (Geta)",501,253,248
"22410  Godby (Finström)",1546,750,796
"22430  Saltvik (Saltvik)",731,364,367
"22520  Tosarby (Sund)",502,267,235
"22530  Sund (Sund)",510,265,245
"22550  Vårdö (Vårdö)",419,205,214
"22610  Lemland (Lemland)",1564,786,778
"22630  Lumparland (Lumparland)",398,216,182
"22710  Ålands Degerby (Föglö)",525,273,252
"22720  Sottunga (Sottunga)",88,49,39
"22730  Kökar (Kökar)",231,125,106
"22810  Seglinge (Kumlinge)",42,21,21
"22820  Kumlinge (Kumlinge)",186,103,83
"22830  Enklinge (Kumlinge)",74,39,35
"22840  Lappo (Brändö)",55,35,20
"22910  Torsholma (Brändö)",82,42,40
"22920  Brändö-Åland (Brändö)",145,73,72
"22930  Fiskö (Brändö)",30,14,16
"22940  Åva (Brändö)",94,57,37
"22950  Jurmo (Brändö)",44,19,25
"23100  Mynämäki Keskus (Mynämäki)",6135,3038,3097
"23120  Mietoinen Keskus (Mynämäki)",875,439,436
"23140  Hietamäki (Mynämäki)",658,339,319
"23200  Vinkkilä (Vehmaa)",1551,784,767
"23210  Vehmaa (Vehmaa)",574,286,288
"23260  Rautila (Vehmaa)",186,97,89
"23310  Taivassalo (Taivassalo)",1643,835,808
"23360  Kustavi (Kustavi)",901,474,427
"23390  Iniö (Pargas)",195,100,95
"23450  Lokalahti (Uusikaupunki)",972,502,470
"23500  Uusikaupunki Keskus (Uusikaupunki)",11426,5762,5664
"23600  Kalanti Keskus (Uusikaupunki)",2152,1096,1056
"23660  Kalanti Asemanseutu (Uusikaupunki)",399,197,202
"23800  Laitila Keskus (Laitila)",8277,4135,4142
"23840  Soukainen (Laitila)",94,49,45
"23880  Suontaka (Laitila)",109,61,48
"23930  Pyhämaa (Uusikaupunki)",534,280,254
"23950  Pyhäranta (Pyhäranta)",534,287,247
"23960  Santtio (Pyhäranta)",229,114,115
"24100  Salo Keskus (Salo)",8914,3979,4935
"24130  Ylhäisi (Salo)",3726,1864,1862
"24240  Rappula (Salo)",3894,1844,2050
"24260  Ollikkala (Salo)",4337,2125,2212
"24280  Tupuri-Hähkänä (Salo)",4996,2490,2506
"24800  Halikko Keskus (Salo)",4568,2182,2386
"24910  Halikko Asemanseutu (Salo)",1146,587,559
"25110  Kruusila (Salo)",348,186,162
"25130  Muurla (Salo)",1485,771,714
"25160  Tuohittu (Salo)",111,56,55
"25170  Kotalato (Salo)",138,72,66
"25180  Romsila (Salo)",235,122,113
"25190  Inkere (Salo)",966,514,452
"25210  Vartsala (Salo)",398,206,192
"25230  Angelniemi (Salo)",353,180,173
"25240  Hajala (Salo)",635,337,298
"25250  Märynummi (Salo)",1012,505,507
"25260  Vaskio (Salo)",975,497,478
"25320  Raatala (Salo)",409,217,192
"25330  Kuusjoki Keskus (Salo)",799,404,395
"25340  Kanunki (Salo)",394,214,180
"25360  Pertteli Keskus (Salo)",1206,605,601
"25370  Hiisi (Salo)",663,357,306
"25380  Rekijoki (Salo)",447,223,224
"25390  Kiikala Keskus (Salo)",777,410,367
"25410  Suomusjärvi Keskus (Salo)",1104,548,556
"25420  Lahnajärvi (Salo)",136,69,67
"25430  Kettula (Salo)",66,38,28
"25460  Toija (Salo)",1142,602,540
"25470  Kisko kk (Salo)",276,151,125
"25500  Perniö Keskus (Salo)",3377,1648,1729
"25520  Perniö Asemanseutu (Salo)",614,316,298
"25540  Knaapila (Salo)",205,99,106
"25550  Aijala (Salo)",94,54,40
"25560  Koski Asemanseutu (Salo)",209,115,94
"25570  Teijo-Mathildedal (Salo)",579,287,292
"25610  Ylönkylä (Salo)",383,199,184
"25630  Finby (Salo)",270,136,134
"25640  Förby (Salo)",225,120,105
"25650  Strömma (Kimitoön)",106,57,49
"25660  Mathildedal (Salo)",137,70,67
"25700  Kemiö Keskus (Kimitoön)",2334,1138,1196
"25710  Vreta-Vestlax (Kimitoön)",310,165,145
"25730  Mjösund (Kimitoön)",100,50,50
"25760  Kiila (Kimitoön)",130,71,59
"25810  Mark (Kimitoön)",56,31,25
"25820  Vestlax (Kimitoön)",108,55,53
"25830  Västanfjärd Keskus (Kimitoön)",481,257,224
"25840  Nivelax (Kimitoön)",257,138,119
"25860  Björkboda (Kimitoön)",309,155,154
"25870  Dragsfjärd (Kimitoön)",890,438,452
"25900  Taalintehdas (Kimitoön)",1307,667,640
"25910  Vänoxa (Kimitoön)",10,...,...
"25930  Kasnäs (Kimitoön)",84,39,45
"25940  Hiittinen (Kimitoön)",61,30,31
"25950  Rosala-Kasnäs-Hitis (Kimitoön)",106,59,47
"25960  Högsåra (Kimitoön)",45,17,28
"26100  Rauma Keskus (Rauma)",16089,7651,8438
"26200  Merirauma-Kappelinluhta (Rauma)",4972,2532,2440
"26410  Kaaro (Rauma)",1617,826,791
"26510  Uotila (Rauma)",2601,1354,1247
"26560  Kolla (Rauma)",662,342,320
"26660  Paroalho (Rauma)",4826,2391,2435
"26720  Monnanummi (Rauma)",379,194,185
"26740  Vasarainen (Rauma)",533,279,254
"26820  Sampaanala (Rauma)",1529,825,704
"26840  Kortela (Rauma)",791,416,375
"26910  Unaja (Rauma)",673,336,337
"26930  Vermuntila (Rauma)",600,323,277
"26950  Voiluoto (Rauma)",390,210,180
"27100  Eurajoki Keskus (Eurajoki)",3419,1695,1724
"27110  Irjanne (Eurajoki)",561,285,276
"27130  Eurajoki asemanseutu (Eurajoki)",324,174,150
"27150  Lapijoki (Eurajoki)",1389,792,597
"27160  Olkiluoto (Eurajoki)",0,0,0
"27170  Kuivalahti (Eurajoki)",353,183,170
"27220  Ala-Kieri (Rauma)",613,323,290
"27230  Lappi (Rauma)",2028,1007,1021
"27250  Kodiksami (Rauma)",129,69,60
"27260  Kuolimaa (Rauma)",180,100,80
"27310  Kodisjoki (Rauma)",503,261,242
"27320  Ihode (Pyhäranta)",731,364,367
"27340  Reila (Pyhäranta)",450,243,207
"27400  Kiukainen Keskus (Eura)",1295,645,650
"27420  Panelia Asemanseutu (Eura)",248,123,125
"27430  Panelia (Eura)",1152,589,563
"27450  Harola (Eura)",210,111,99
"27500  Kauttua (Eura)",3215,1615,1600
"27510  Eura Keskus (Eura)",4120,2015,2105
"27600  Hinnerjoki (Eura)",704,368,336
"27640  Honkilahti kk (Eura)",290,149,141
"27650  Honkilahti (Eura)",308,157,151
"27670  Mannila (Eura)",157,85,72
"27710  Köyliö Keskus (Säkylä)",1040,529,511
"27730  Tuiskula (Säkylä)",191,91,100
"27740  Voitoinen (Säkylä)",147,84,63
"27750  Yttilä (Säkylä)",319,168,151
"27800  Säkylä Keskus (Säkylä)",3055,1459,1596
"27820  Iso-Vimma (Säkylä)",712,351,361
"27840  Kakkuri (Säkylä)",429,218,211
"27860  Vuori (Säkylä)",332,175,157
"27910  Huovinrinne (Säkylä)",169,90,79
"27920  Otajoki (Säkylä)",260,138,122
"28100  Pori Keskus (Pori)",12643,5660,6983
"28120  Käppärä-Isomäki (Pori)",3565,1754,1811
"28130  Impola (Pori)",6501,3103,3398
"28190  Pormestarinluoto (Pori)",3764,1766,1998
"28200  Toejoki (Pori)",4850,2401,2449
"28220  Ruosniemi (Pori)",4999,2537,2462
"28240  Isojoenranta (Pori)",764,402,362
"28260  Harjunpää (Ulvila)",975,509,466
"28300  Kalaholma-Väinölä (Pori)",2559,1265,1294
"28330  Koivistonluoto (Pori)",2723,1344,1379
"28360  Vanhakoivisto (Pori)",4068,1909,2159
"28370  Sampola (Pori)",3124,1463,1661
"28400  Ulvila Keskus (Ulvila)",5571,2693,2878
"28430  Kartano-Harmaalinna (Pori)",1605,804,801
"28450  Vanha-Ulvila (Ulvila)",4208,2062,2146
"28500  Keskussairaala-alue-Tiilimäki (Pori)",827,367,460
"28540  Pinomäki (Pori)",613,319,294
"28560  Lattomeri (Pori)",481,251,230
"28580  Niittymaa (Pori)",583,294,289
"28600  Vähärauma (Pori)",5173,2624,2549
"28610  Musa-Tiiliruukki (Pori)",3822,1936,1886
"28660  Pietniemi-Leppäkorpi (Pori)",3734,1826,1908
"28760  Kyläsaari (Pori)",2261,1138,1123
"28800  Pihlava (Pori)",4148,2129,2019
"28840  Yyteri-Kaanaa (Pori)",859,454,405
"28880  Mäntyluoto (Pori)",387,199,188
"28900  Tahkoluoto-Reposaari (Pori)",938,469,469
"29100  Luvia Keskus (Eurajoki)",3076,1546,1530
"29180  Peränkylä (Eurajoki)",247,130,117
"29200  Harjavalta Keskus (Harjavalta)",6962,3387,3575
"29250  Nakkila Keskus (Nakkila)",4628,2279,2349
"29270  Hormisto (Nakkila)",436,225,211
"29280  Järvimaa (Nakkila)",289,151,138
"29310  Kaasmarkku (Ulvila)",548,293,255
"29320  Leineperi (Ulvila)",230,124,106
"29340  Kullaa Keskus (Ulvila)",881,458,423
"29350  Palus (Ulvila)",286,150,136
"29570  Söörmarkku (Pori)",966,489,477
"29600  Noormarkku Keskus (Pori)",4738,2305,2433
"29630  Pomarkku Keskus (Pomarkku)",1849,938,911
"29640  Honkakoski (Pomarkku)",253,126,127
"29680  Kairila (Pori)",288,158,130
"29700  Ahlainen (Pori)",786,404,382
"29720  Lamppi (Pori)",174,80,94
"29740  Etelämaa (Merikarvia)",89,50,39
"29750  Pohjansaha (Merikarvia)",106,53,53
"29760  Köörtilä (Merikarvia)",78,41,37
"29790  Tuorila (Merikarvia)",321,165,156
"29810  Siikainen Keskus (Siikainen)",839,444,395
"29830  Sammi (Siikainen)",187,100,87
"29860  Otamo (Siikainen)",140,80,60
"29880  Leväsjoki-Saarineva (Siikainen)",197,99,98
"29900  Merikarvia Keskus-Rannikko (Merikarvia)",2210,1073,1137
"29940  Kuvaskangas (Merikarvia)",266,143,123
"30100  Forssa Keskus (Forssa)",10243,4965,5278
"30300  Viksberg (Forssa)",2470,1226,1244
"30420  Tölö (Forssa)",4752,2294,2458
"31110  Matku (Forssa)",534,296,238
"31130  Koijärvi (Forssa)",258,142,116
"31140  Menonen (Urjala)",164,76,88
"31160  Nuutajärvi (Urjala)",259,127,132
"31170  Savijoki (Forssa)",200,99,101
"31230  Susikas (Tammela)",187,103,84
"31250  Teuro (Tammela)",219,111,108
"31300  Tammela Keskus (Tammela)",3079,1497,1582
"31310  Mustiala (Tammela)",82,41,41
"31340  Porras (Tammela)",541,290,251
"31350  Vistinkoski (Tammela)",239,126,113
"31370  Eerikkilän Urheiluopisto (Tammela)",0,0,0
"31380  Letku-Torro (Tammela)",324,166,158
"31400  Somero Keskus (Somero)",6119,2936,3183
"31410  Ylöpirtti (Somero)",354,188,166
"31450  Häntälä (Somero)",349,194,155
"31460  Hirsjärvi (Somero)",234,127,107
"31470  Somerniemi (Somero)",669,360,309
"31490  Terttilä (Somero)",231,124,107
"31500  Koski Tl (Koski Tl)",2342,1159,1183
"31520  Pitkäjärvi (Somero)",503,259,244
"31530  Pyöli (Somero)",318,167,151
"31600  Jokioinen Keskus (Jokioinen)",3604,1756,1848
"31610  Vaulammi (Jokioinen)",445,226,219
"31620  Latovainio (Jokioinen)",389,198,191
"31630  Minkiö (Jokioinen)",579,306,273
"31640  Humppila Keskus (Humppila)",1971,977,994
"31650  Venäjänkangas (Humppila)",267,150,117
"31700  Urjala Asemanseutu-Hanhisuo (Urjala)",1414,735,679
"31720  Urjalankylä-Kehro (Urjala)",388,194,194
"31730  Honkola (Urjala)",114,59,55
"31750  Kehro (Urjala)",55,26,29
"31760  Urjala Keskus (Urjala)",1871,878,993
"31810  Oriniemi (Punkalaidun)",404,202,202
"31830  Halkivaha (Urjala)",268,145,123
"31850  Koskioinen (Punkalaidun)",145,71,74
"31860  Tursa (Urjala)",278,161,117
"31900  Punkalaidun Keskus (Punkalaidun)",1785,888,897
"31930  Vanttila (Punkalaidun)",119,71,48
"31950  Sadonmaa (Punkalaidun)",157,83,74
"31960  Orisuo (Loimaa)",69,42,27
"31970  Kanteenmaa (Punkalaidun)",154,89,65
"32100  Ypäjä Keskus (Ypäjä)",1987,992,995
"32140  Ypäjä Asemanseutu (Ypäjä)",300,155,145
"32200  Loimaa Keskus (Loimaa)",8156,3846,4310
"32210  Loimaa kk (Loimaa)",2311,1161,1150
"32250  Kojonkulma (Loimaa)",304,159,145
"32260  Kojonperä (Loimaa)",156,81,75
"32270  Metsämaa-Murto (Loimaa)",461,248,213
"32280  Metsäkorpi (Loimaa)",173,89,84
"32300  Mellilä (Loimaa)",1257,676,581
"32410  Niinijoki (Loimaa)",558,306,252
"32430  Ylhäinen (Loimaa)",79,42,37
"32440  Alastaro Keskus (Loimaa)",1763,908,855
"32450  Tammiainen (Loimaa)",261,145,116
"32500  Oripää Keskus (Oripää)",1185,600,585
"32520  Latva (Oripää)",150,87,63
"32560  Virttaa (Loimaa)",453,235,218
"32610  Vampula Keskus (Huittinen)",990,508,482
"32620  Rutava (Huittinen)",378,212,166
"32700  Huittinen Keskus (Huittinen)",7673,3713,3960
"32710  Sampu (Huittinen)",599,312,287
"32730  Keikyä (Sastamala)",723,359,364
"32740  Äetsä Keskus (Sastamala)",1733,873,860
"32760  Suttila (Huittinen)",157,85,72
"32770  Huhtamo (Huittinen)",224,121,103
"32800  Kokemäki Keskus (Kokemäki)",3882,1880,2002
"32810  Peipohja (Kokemäki)",1793,903,890
"32830  Riste (Kokemäki)",449,219,230
"32860  Korkeaoja (Kokemäki)",148,88,60
"32910  Kauvatsa Asemanseutu (Kokemäki)",289,155,134
"32920  Kauvatsa (Kokemäki)",551,288,263
"33100  Tampere Keskus (Tampere)",17317,8165,9152
"33180  Lapinniemi-Käpylä (Tampere)",2330,1023,1307
"33200  Tampere Keskus Läntinen (Tampere)",6479,2968,3511
"33210  Itä-Amuri-Tammerkoski (Tampere)",5998,2751,3247
"33230  Länsi-Amuri (Tampere)",6059,2742,3317
"33240  Tahmela (Tampere)",1637,822,815
"33250  Pispala (Tampere)",2316,1132,1184
"33270  Epilä (Tampere)",7536,3567,3969
"33300  Rahola (Tampere)",5148,2480,2668
"33310  Tesoma (Tampere)",7449,3460,3989
"33330  Myllypuro-Kalkku (Tampere)",3371,1675,1696
"33340  Haukiluoma-Ikuri (Tampere)",5304,2597,2707
"33380  Pitkäniemi (Nokia)",31,22,9
"33400  Luoteis-Tampere (Tampere)",8891,4245,4646
"33410  Lentävänniemi (Tampere)",4888,2265,2623
"33420  Lamminpää (Tampere)",2044,1005,1039
"33430  Vuorentausta (Ylöjärvi)",2889,1436,1453
"33450  Siivikkala (Ylöjärvi)",2938,1509,1429
"33470  Ylöjärvi Keskus (Ylöjärvi)",6148,2936,3212
"33480  Manninmäki-Haavisto (Ylöjärvi)",7483,3624,3859
"33500  Osmonmäki-Petsamo (Tampere)",11335,5066,6269
"33520  Keskussairaala-alue-Kauppi (Tampere)",955,503,452
"33530  Kissanmaa (Tampere)",4985,2537,2448
"33540  Kaleva (Tampere)",9901,4544,5357
"33560  Takahuhti (Tampere)",10184,4757,5427
"33580  Atala-Linnainmaa (Tampere)",15512,7467,8045
"33610  Olkahinen-Tasanne (Tampere)",3820,1894,1926
"33680  Aitolahti (Tampere)",1646,844,802
"33700  Messukylä (Tampere)",1715,874,841
"33710  Kaukajärvi (Tampere)",18542,8968,9574
"33720  Hervanta (Tampere)",25326,13450,11876
"33730  Leinola-Vehmainen (Tampere)",2028,1056,972
"33800  Nekala (Tampere)",5382,2695,2687
"33820  Koivistonkylä (Tampere)",9065,4518,4547
"33840  Peltolammi (Tampere)",3325,1646,1679
"33850  Multisilta (Tampere)",2415,1166,1249
"33870  Vuores (Tampere)",5056,2480,2576
"33880  Höytämö (Lempäälä)",3768,1909,1859
"33900  Härmälä-Rantaperkiö (Tampere)",12077,5701,6376
"33920  Toivio (Pirkkala)",1250,628,622
"33950  Killo (Pirkkala)",5833,2877,2956
"33960  Suuppa (Pirkkala)",10572,5178,5394
"33980  Pirkkala kk (Pirkkala)",1466,775,691
"34110  Lakiala (Ylöjärvi)",1353,700,653
"34130  Ylinen (Ylöjärvi)",1258,684,574
"34140  Mutala (Ylöjärvi)",797,406,391
"34150  Kyrönlahti (Ylöjärvi)",388,205,183
"34180  Länsi-Teisko (Ylöjärvi)",150,87,63
"34240  Kämmenteisko (Tampere)",1697,875,822
"34260  Terälahti (Tampere)",879,450,429
"34270  Velaatta (Tampere)",295,163,132
"34300  Kuru Keskus (Ylöjärvi)",1429,741,688
"34320  Parkkuu (Ylöjärvi)",209,111,98
"34330  Poikelus (Ylöjärvi)",245,133,112
"34410  Murole (Ruovesi)",179,90,89
"34420  Muroleen Kanava (Ruovesi)",48,24,24
"34430  Kekkonen (Ruovesi)",117,57,60
"34450  Jäminkipohja (Ruovesi)",325,192,133
"34510  Luode (Ylöjärvi)",103,53,50
"34530  Länsi-Aure (Ylöjärvi)",65,37,28
"34550  Itä-Aure (Ylöjärvi)",147,92,55
"34600  Ruovesi Keskus-Nenonen (Ruovesi)",2494,1170,1324
"34640  Mustajärvi (Ruovesi)",208,109,99
"34710  Vaskivesi (Virrat)",340,181,159
"34730  Vaskuu (Virrat)",102,57,45
"34740  Koro (Virrat)",75,44,31
"34770  Kurjenkylä (Virrat)",220,119,101
"34800  Virrat Keskus (Virrat)",4452,2184,2268
"34870  Visuvesi (Ruovesi)",539,288,251
"34910  Äijänneva (Virrat)",99,59,40
"34930  Liedenpohja (Virrat)",290,150,140
"34950  Ohtola (Virrat)",213,105,108
"34970  Toisvesi (Virrat)",110,54,56
"34980  Killinkoski (Virrat)",365,179,186
"35100  Orivesi Asemanseutu (Orivesi)",2921,1489,1432
"35220  Eräjärvi (Orivesi)",505,253,252
"35240  Ristakallio (Orivesi)",176,84,92
"35260  Leväslahti (Orivesi)",9,...,...
"35270  Västilä (Orivesi)",151,79,72
"35300  Orivesi Keskus (Orivesi)",4591,2178,2413
"35320  Hirsilä (Orivesi)",561,298,263
"35400  Länkipohja (Jämsä)",854,455,399
"35420  Talviainen (Orivesi)",102,53,49
"35480  Längelmäki (Orivesi)",61,34,27
"35500  Korkeakoski (Juupajoki)",1026,521,505
"35520  Pirttikangas (Juupajoki)",75,39,36
"35530  Lyly (Juupajoki)",278,142,136
"35540  Juupajoki (Juupajoki)",403,213,190
"35550  Salokunta (Juupajoki)",157,78,79
"35600  Halli (Jämsä)",1266,649,617
"35610  Pihlaisto (Jämsä)",81,39,42
"35630  Suinula-Valkamanperä (Jämsä)",161,83,78
"35700  Vilppula Keskus (Mänttä-Vilppula)",3127,1570,1557
"35740  Ylä-Vääri (Ruovesi)",104,50,54
"35750  Väärinmaja (Ruovesi)",283,149,134
"35800  Mänttä (Mänttä-Vilppula)",4019,1888,2131
"35820  Asemakulma-Mustalahti (Jämsä)",2035,1069,966
"35990  Kolho (Mänttä-Vilppula)",1054,539,515
"36100  Kangasala Asemanseutu (Kangasala)",1321,687,634
"36110  Ruutana (Kangasala)",2891,1450,1441
"36120  Suinula-Haviseva (Kangasala)",1087,555,532
"36200  Kangasala Keskus (Kangasala)",10204,4978,5226
"36220  Suorama (Kangasala)",5277,2564,2713
"36240  Nattari (Kangasala)",5004,2489,2515
"36270  Huutijärvi (Kangasala)",1402,725,677
"36280  Pikonlinna (Kangasala)",190,86,104
"36340  Tohkala (Kangasala)",228,120,108
"36420  Sahalahti Keskus (Kangasala)",1771,877,894
"36430  Pakkala (Kangasala)",448,233,215
"36450  Salmentaka (Pälkäne)",222,107,115
"36520  Raikku (Kangasala)",352,185,167
"36570  Kaivanto (Kangasala)",298,147,151
"36600  Pälkäne Keskus (Pälkäne)",3400,1671,1729
"36640  Iltasmäki (Pälkäne)",381,199,182
"36660  Laitikkala (Pälkäne)",212,113,99
"36720  Aitoo (Pälkäne)",544,278,266
"36760  Luopioinen Keskus (Pälkäne)",807,399,408
"36810  Kuhmalahti Keskus (Kangasala)",521,258,263
"36840  Kuhmajärvi (Kangasala)",319,159,160
"36880  Vehkajärvi (Kangasala)",133,74,59
"36910  Rautajärvi (Pälkäne)",347,175,172
"36930  Kyynärö (Pälkäne)",174,92,82
"37100  Nokia Keskus (Nokia)",6781,3141,3640
"37120  Koskenmäki (Nokia)",10366,5162,5204
"37130  Alhoniitty (Nokia)",4559,2302,2257
"37140  Harjuniitty (Nokia)",2775,1389,1386
"37150  Kankaantaka (Nokia)",4085,1991,2094
"37180  Sarkola (Nokia)",366,188,178
"37200  Siuro (Nokia)",2518,1308,1210
"37210  Kulovesi (Nokia)",23,...,...
"37240  Linnavuori (Nokia)",754,396,358
"37310  Tottijärvi (Nokia)",872,456,416
"37350  Rämsöö (Vesilahti)",153,86,67
"37370  Narva (Vesilahti)",1026,553,473
"37380  Krääkkiö (Vesilahti)",171,89,82
"37420  Valkkinen (Vesilahti)",782,393,389
"37470  Vesilahti Keskus (Vesilahti)",1973,997,976
"37500  Lempäälä Keskus (Lempäälä)",8440,4038,4402
"37530  Säijä (Lempäälä)",556,294,262
"37550  Kuivaspää (Lempäälä)",5212,2569,2643
"37560  Kulju (Lempäälä)",4627,2348,2279
"37570  Koivuniemi (Lempäälä)",443,231,212
"37600  Valkeakoski Keskus (Valkeakoski)",11360,5572,5788
"37630  Vääräkoivu (Valkeakoski)",7081,3472,3609
"37700  Sääksmäki (Valkeakoski)",443,223,220
"37720  Ritvala (Valkeakoski)",195,102,93
"37740  Haukila (Valkeakoski)",277,142,135
"37770  Tarttila (Valkeakoski)",479,243,236
"37800  Toijala keskus (Akaa)",9300,4612,4688
"37830  Viiala Keskus (Akaa)",5442,2716,2726
"37850  Metsäkansa (Valkeakoski)",348,174,174
"37860  Kärjenniemi (Valkeakoski)",914,458,456
"37900  Kylmäkoski Asemanseutu (Akaa)",283,158,125
"37910  Kylmäkoski Keskus (Akaa)",1275,665,610
"37960  Sotkia (Akaa)",249,128,121
"38100  Karkku (Sastamala)",852,440,412
"38120  Kutala (Sastamala)",237,118,119
"38130  Ellivuori (Sastamala)",13,...,...
"38140  Kärppälä (Sastamala)",360,190,170
"38200  Vammala Keskus (Sastamala)",6286,2833,3453
"38210  Vammala Asemanseutu (Sastamala)",4144,2055,2089
"38220  Stormi (Sastamala)",801,411,390
"38250  Roismala (Sastamala)",1363,721,642
"38270  Sammaljoki (Sastamala)",329,181,148
"38280  Illo (Sastamala)",432,217,215
"38300  Kiikka (Sastamala)",1788,939,849
"38360  Kiikoinen (Sastamala)",1150,597,553
"38420  Häijää (Sastamala)",1027,530,497
"38460  Mouhijärvi Keskus (Sastamala)",1750,876,874
"38470  Hyynilä (Sastamala)",262,137,125
"38490  Haukijärvi (Hämeenkyrö)",77,36,41
"38510  Suodenniemi (Sastamala)",1169,622,547
"38600  Lavia Keskus (Pori)",1441,717,724
"38650  Yli-Putto (Pori)",165,99,66
"38670  Kalliala-Haunia (Pori)",173,89,84
"38680  Tuunajärvi (Pomarkku)",90,52,38
"38700  Kankaanpää Keskus (Kankaanpää)",6149,2906,3243
"38710  Myllymäki (Kankaanpää)",2049,964,1085
"38720  Vihteljärvi (Kankaanpää)",404,209,195
"38740  Hapuoja (Kankaanpää)",402,215,187
"38750  Veneskoski (Kankaanpää)",238,130,108
"38760  Venesjärvi (Kankaanpää)",367,197,170
"38770  Lohikko (Kankaanpää)",421,224,197
"38800  Jämijärvi Keskus (Jämijärvi)",1544,792,752
"38840  Niinisalo (Kankaanpää)",788,433,355
"38860  Suurimaa (Jämijärvi)",197,95,102
"38910  Ala-Honkajoki (Kankaanpää)",535,296,239
"38920  Vatajankoski (Honkajoki)",194,108,86
"38950  Honkajoki Keskus (Honkajoki)",1260,659,601
"38970  Lauhala (Honkajoki)",251,130,121
"39100  Hämeenkyrö Keskus (Hämeenkyrö)",3428,1686,1742
"39110  Simuna (Hämeenkyrö)",221,110,111
"39130  Sasi (Hämeenkyrö)",759,378,381
"39150  Pinsiö (Hämeenkyrö)",879,460,419
"39160  Julkujärvi (Ylöjärvi)",4089,2058,2031
"39170  Jumesniemi (Hämeenkyrö)",189,91,98
"39180  Herttuala (Hämeenkyrö)",100,53,47
"39195  Kaipio (Hämeenkyrö)",165,94,71
"39200  Kyröskoski (Hämeenkyrö)",4800,2404,2396
"39230  Osara (Hämeenkyrö)",198,100,98
"39290  Vesajärvi (Hämeenkyrö)",154,81,73
"39310  Viljakkala Keskus (Ylöjärvi)",1020,531,489
"39340  Karhe (Ylöjärvi)",302,154,148
"39360  Komi (Ylöjärvi)",243,124,119
"39380  Lavajärvi (Hämeenkyrö)",180,90,90
"39410  Luhalahti (Ikaalinen)",301,161,140
"39430  Röyhiö (Ikaalinen)",169,91,78
"39450  Sisättö (Ikaalinen)",118,72,46
"39500  Ikaalinen Keskus (Ikaalinen)",4456,2116,2340
"39530  Kilvakkala (Ikaalinen)",1007,547,460
"39580  Riitiala (Ikaalinen)",382,209,173
"39590  Tevaniemi (Ikaalinen)",239,130,109
"39610  Kovelahti (Ikaalinen)",197,102,95
"39620  Kovesjoki (Parkano)",182,99,83
"39660  Lapinneva (Parkano)",239,135,104
"39700  Parkano Keskus (Parkano)",5347,2681,2666
"39750  Vatajanjärvi (Parkano)",342,189,153
"39770  Aureskoski (Parkano)",66,32,34
"39780  Alaskylä (Parkano)",201,116,85
"39810  Linnankylä (Kihniö)",327,169,158
"39820  Kihniö Keskus (Kihniö)",1475,742,733
"39880  Kihniö Asemanseutu (Kihniö)",135,75,60
"39920  Suomijärvi (Karvia)",162,89,73
"39930  Karvia Keskus (Karvia)",1071,554,517
"39940  Kantti (Karvia)",244,127,117
"39960  Sarvela (Karvia)",435,231,204
"39965  Karviankylä (Karvia)",191,96,95
"39980  Sara (Karvia)",169,89,80
"39990  Alkkia (Karvia)",95,58,37
"40100  Jyväskylä Keskus (Jyväskylä)",14926,6895,8031
"40200  Mannila-Taulumäki (Jyväskylä)",4238,1962,2276
"40250  Ritoniemi-Lohikoski (Jyväskylä)",6077,2963,3114
"40270  Pappilanrinne-Pappilanvuori (Jyväskylä)",12500,6077,6423
"40320  Seppälän Teollisuusalue (Jyväskylä)",5204,2514,2690
"40340  Huhtasuo (Jyväskylä)",6272,3082,3190
"40400  Halssila (Jyväskylä)",4077,1960,2117
"40420  Jyskä (Jyväskylä)",4722,2358,2364
"40500  Keljo-Ristonmaa (Jyväskylä)",3280,1676,1604
"40520  Kuokkala-Ristikivi (Jyväskylä)",16958,8547,8411
"40530  Keljonkangas (Jyväskylä)",6033,3086,2947
"40600  Mattilanpelto (Jyväskylä)",2257,1091,1166
"40620  Keskussairaala-alue-Kukkumäki (Jyväskylä)",488,225,263
"40630  Kypärämäki (Jyväskylä)",3711,1867,1844
"40640  Keltinmäki (Jyväskylä)",6314,3157,3157
"40660  Länsi-Palokka (Jyväskylä)",725,374,351
"40700  Mäki-Matti (Jyväskylä)",5313,2522,2791
"40720  Nisula (Jyväskylä)",2588,1101,1487
"40740  Kortepohja (Jyväskylä)",7605,3731,3874
"40800  Vaajakoski (Jyväskylä)",8064,4010,4054
"40820  Vuoritsalo (Jyväskylä)",912,478,434
"40900  Säynätsalo (Jyväskylä)",3390,1777,1613
"40930  Kinkomaa (Muurame)",1591,799,792
"40950  Muurame Keskus (Muurame)",8116,4093,4023
"41120  Puuppola (Jyväskylä)",1990,1020,970
"41140  Kuikka (Jyväskylä)",651,337,314
"41160  Tikkakoski (Jyväskylä)",4788,2393,2395
"41180  Vehniä (Laukaa)",751,393,358
"41210  Jokihaara (Uurainen)",435,224,211
"41220  Höytiä (Uurainen)",315,164,151
"41230  Uurainen Keskus (Uurainen)",1680,869,811
"41240  Kyynämöinen (Uurainen)",248,144,104
"41260  Hoikankylä (Saarijärvi)",144,72,72
"41270  Lannevesi (Saarijärvi)",493,259,234
"41290  Kangashäkki (Uurainen)",933,474,459
"41310  Leppävesi (Laukaa)",3147,1601,1546
"41325  Laukkavirta (Laukaa)",302,163,139
"41330  Vihtavuori (Laukaa)",2667,1358,1309
"41340  Laukaa Keskus (Laukaa)",5763,2768,2995
"41350  Laukaa Asemanseutu (Laukaa)",734,363,371
"41360  Valkola (Laukaa)",454,232,222
"41370  Kuusa (Laukaa)",1075,570,505
"41390  Äijälä (Laukaa)",413,222,191
"41400  Lievestuore (Laukaa)",3309,1691,1618
"41410  Kankainen (Toivakka)",184,100,84
"41440  Ruuhimäki (Toivakka)",229,126,103
"41450  Leppälahti (Jyväskylä)",650,332,318
"41490  Niemisjärvi (Hankasalmi)",756,397,359
"41500  Hankasalmi Asemanseutu (Hankasalmi)",1341,682,659
"41520  Hankasalmi Keskus (Hankasalmi)",1908,901,1007
"41530  Veneranta (Hankasalmi)",162,81,81
"41540  Ristimäki (Hankasalmi)",230,121,109
"41550  Hannula (Hankasalmi)",158,85,73
"41560  Säkinmäki (Hankasalmi)",146,89,57
"41580  Sauvamäki (Hankasalmi)",254,128,126
"41630  Oravasaari (Jyväskylä)",385,203,182
"41660  Toivakka Keskus (Toivakka)",1863,957,906
"41710  Rutalahti-Kivisuo (Jyväskylä)",259,133,126
"41730  Kivisuo (Joutsa)",29,...,...
"41750  Havumäki (Joutsa)",80,50,30
"41770  Leivonmäki (Joutsa)",595,309,286
"41800  Korpilahti Keskus (Jyväskylä)",3540,1763,1777
"41820  Saakoski (Jyväskylä)",302,162,140
"41840  Moksi (Jyväskylä)",86,47,39
"41860  Rannila (Jyväskylä)",295,151,144
"41870  Putkilahti (Jyväskylä)",166,91,75
"41880  Oittila (Jyväskylä)",118,57,61
"41900  Petäjävesi Keskus (Petäjävesi)",2624,1340,1284
"41920  Kintaus (Petäjävesi)",636,324,312
"41925  Ylä-Kintaus (Petäjävesi)",166,91,75
"41930  Kuohu (Jyväskylä)",816,434,382
"41940  Vesanka (Jyväskylä)",1384,724,660
"41970  Huttula (Keuruu)",49,22,27
"41980  Kuivasmäki (Petäjävesi)",161,85,76
"42100  Jämsä Keskus (Jämsä)",9977,4865,5112
"42140  Juokslahti (Jämsä)",285,143,142
"42220  Kaipola (Jämsä)",1048,540,508
"42300  Jämsänkoski Keskus (Jämsä)",5326,2644,2682
"42330  Haavisto (Jämsä)",401,203,198
"42440  Koskenpää (Jämsä)",617,341,276
"42520  Asunta (Keuruu)",156,86,70
"42560  Pohjoisjärvi (Keuruu)",178,95,83
"42600  Multia Keskus-Väätäiskylä (Multia)",1348,680,668
"42660  Sahrajärvi (Multia)",109,58,51
"42700  Keuruu Keskus (Keuruu)",7605,3679,3926
"42720  Valkealahti (Keuruu)",61,22,39
"42800  Haapamäki (Keuruu)",1127,592,535
"42820  Riiho (Keuruu)",67,39,28
"42830  Ylä-Kolkki (Mänttä-Vilppula)",54,29,25
"42840  Kolkki (Mänttä-Vilppula)",123,73,50
"42850  Pohjaslahti (Mänttä-Vilppula)",134,74,60
"42870  Kotala (Virrat)",418,219,199
"42910  Pihlajavesi (Keuruu)",295,157,138
"42930  Katajamäki (Keuruu)",100,58,42
"43100  Saarijärvi Keskus (Saarijärvi)",6048,2885,3163
"43130  Tarvaala (Saarijärvi)",410,216,194
"43170  Häkkilä (Saarijärvi)",230,133,97
"43220  Mahlu (Saarijärvi)",418,224,194
"43240  Lehtola (Saarijärvi)",165,91,74
"43250  Kolkanlahti (Saarijärvi)",291,153,138
"43270  Kalmari (Saarijärvi)",490,281,209
"43300  Kannonkoski Keskus (Kannonkoski)",1134,568,566
"43340  Kannonjärvi (Kannonkoski)",162,86,76
"43390  Lokakylä (Kivijärvi)",76,38,38
"43420  Kukko (Saarijärvi)",53,26,27
"43430  Väätäiskylä (Multia)",40,23,17
"43440  Pylkönmäki Keskus (Saarijärvi)",491,252,239
"43480  Pääjärvi (Saarijärvi)",134,75,59
"43490  Kangasaho (Karstula)",150,80,70
"43500  Karstula Keskus (Karstula)",2785,1337,1448
"43520  Kiminki (Karstula)",223,122,101
"43540  Rantakylä-Pirttilahti (Karstula)",141,76,65
"43560  Vahanka (Karstula)",172,94,78
"43610  Aho (Karstula)",84,39,45
"43640  Humppi (Karstula)",137,72,65
"43660  Vastinki (Karstula)",223,108,115
"43700  Kyyjärvi Keskus (Kyyjärvi)",1198,612,586
"43720  Kumpulainen (Kyyjärvi)",104,53,51
"43800  Kivijärvi Keskus-Sompala (Kivijärvi)",954,508,446
"43840  Sompala (Kivijärvi)",46,23,23
"43900  Kinnula Keskus (Kinnula)",1323,705,618
"43940  Muhola-Saarensalmi (Kinnula)",232,138,94
"43960  Saarensalmi (Kinnula)",59,30,29
"44100  Äänekoski Keskus (Äänekoski)",4133,1914,2219
"44120  Mämmensalmi-Mustaniemi (Äänekoski)",2503,1281,1222
"44150  Likolahti-Karhunlähde (Äänekoski)",3211,1604,1607
"44160  Huutomäki (Äänekoski)",507,270,237
"44170  Hietama (Äänekoski)",512,282,230
"44190  Parantala (Äänekoski)",239,120,119
"44200  Suolahti Keskus (Äänekoski)",4295,2169,2126
"44220  Sörkänmäki (Äänekoski)",401,219,182
"44250  Äänekoivisto (Äänekoski)",574,298,276
"44260  Vihijärvi (Äänekoski)",277,146,131
"44280  Sumiainen Keskus (Äänekoski)",848,424,424
"44300  Konnevesi Keskus (Konnevesi)",1751,860,891
"44320  Sirkkamäki (Konnevesi)",129,68,61
"44330  Hytölä (Konnevesi)",273,143,130
"44350  Istunmäki (Konnevesi)",361,207,154
"44370  Mäntymäki (Konnevesi)",163,83,80
"44400  Konginkangas Keskus (Äänekoski)",666,342,324
"44420  Liimattala (Äänekoski)",342,194,148
"44440  Räihä (Äänekoski)",107,61,46
"44460  Kalaniemi (Äänekoski)",127,73,54
"44480  Niinilahti (Viitasaari)",146,80,66
"44500  Viitasaari Keskus (Viitasaari)",4126,1940,2186
"44530  Ilmolahti (Viitasaari)",167,88,79
"44580  Huopanankoski (Viitasaari)",206,110,96
"44590  Vuorilahti (Viitasaari)",66,35,31
"44610  Kärnä (Viitasaari)",150,81,69
"44630  Kumpumäki (Viitasaari)",170,96,74
"44640  Kymönkoski (Viitasaari)",349,180,169
"44670  Suovanlahti (Viitasaari)",152,84,68
"44680  Lahnanen (Viitasaari)",56,31,25
"44730  Löytänä (Viitasaari)",95,45,50
"44740  Keitelepohja-Kotvala (Viitasaari)",197,105,92
"44760  Keihärinkoski (Viitasaari)",299,158,141
"44770  Valkeisjärvi (Viitasaari)",11,...,...
"44790  Kotvala (Viitasaari)",43,27,16
"44800  Pihtipudas Keskus (Pihtipudas)",2437,1135,1302
"44860  Alvajärvi (Pihtipudas)",220,105,115
"44880  Muurasjärvi (Pihtipudas)",579,299,280
"44910  Elämäjärvi (Pihtipudas)",218,125,93
"44920  Peninki (Pihtipudas)",205,105,100
"44950  Kärväsjärvi (Pihtipudas)",185,110,75
"44970  Korppinen (Pihtipudas)",170,92,78
"45100  Kouvola Keskus (Kouvola)",9368,4263,5105
"45120  Kotkankallio-Vahteronmäki (Kouvola)",3955,1935,2020
"45130  Korjala-Kaunisnurmi (Kouvola)",1725,820,905
"45150  Kankaronmäki-Eskolanmäki (Kouvola)",4770,2307,2463
"45160  Lehtomäki (Kouvola)",5031,2492,2539
"45200  Tornionmäki (Kouvola)",5929,2848,3081
"45330  Harju (Kouvola)",305,153,152
"45360  Kukkuramäki (Kouvola)",3764,1881,1883
"45370  Valkeala kk (Kouvola)",2698,1330,1368
"45410  Utti (Kouvola)",812,437,375
"45460  Savero (Kouvola)",184,96,88
"45610  Koria (Kouvola)",4964,2495,2469
"45700  Kuusankoski Keskus (Kouvola)",8828,4042,4786
"45720  Kotiharju-Puhjonmäki (Kouvola)",2644,1389,1255
"45740  Maunuksela (Kouvola)",2732,1377,1355
"45750  Kuusankosken Sairaala-alue (Kouvola)",67,41,26
"45810  Pilkanmaa (Kouvola)",1499,782,717
"45910  Voikkaa (Kouvola)",2623,1366,1257
"45940  Oravala (Kouvola)",285,154,131
"46110  Tuohikotti (Kouvola)",358,189,169
"46140  Vekaranjärvi (Kouvola)",140,82,58
"46230  Aro (Kouvola)",491,263,228
"46400  Kaipiainen (Kouvola)",463,241,222
"46430  Tirva-Inkerilä (Kouvola)",263,141,122
"46450  Enäjärvi (Kouvola)",164,87,77
"46530  Kannuskoski (Luumäki)",160,86,74
"46570  Saaramaa (Kouvola)",36,22,14
"46710  Sippola (Kouvola)",744,379,365
"46730  Ruotila (Kouvola)",111,62,49
"46750  Liikkala (Kouvola)",278,148,130
"46800  Myllykoski (Kouvola)",4636,2263,2373
"46810  Ummeljoki (Kouvola)",1407,722,685
"46860  Anjalankoski Keskus (Kouvola)",575,295,280
"46900  Inkeroinen (Kouvola)",3553,1774,1779
"46910  Anjala (Kouvola)",1858,925,933
"46930  Huruksela (Kotka)",217,112,105
"46950  Ahvio (Kouvola)",57,30,27
"46960  Muhniemi (Kouvola)",317,170,147
"47110  Löytty (Kouvola)",88,47,41
"47150  Raussila (Kouvola)",148,83,65
"47200  Elimäki kk (Kouvola)",2273,1100,1173
"47260  Ratula (Kouvola)",127,75,52
"47310  Haapa-Kimola (Iitti)",245,131,114
"47350  Kimonkylä (Lapinjärvi)",133,65,68
"47400  Kausala (Iitti)",4595,2240,2355
"47440  Sääskjärvi (Iitti)",141,74,67
"47450  Perheniemi (Iitti)",267,140,127
"47460  Hiisiö (Iitti)",63,35,28
"47490  Mankala-Hiisiö (Iitti)",319,165,154
"47520  Iitti kk (Iitti)",171,85,86
"47540  Löyttilä (Iitti)",174,91,83
"47610  Kymentaka (Iitti)",130,64,66
"47650  Kimola (Kouvola)",199,106,93
"47710  Jaala kk (Kouvola)",1092,545,547
"47760  Huhdasjärvi (Kouvola)",120,62,58
"47810  Selänpää (Kouvola)",290,155,135
"47830  Hasula (Kouvola)",110,57,53
"47850  Verla (Kouvola)",140,75,65
"47900  Vuohijärvi (Kouvola)",243,137,106
"47910  Hillosensalmi (Kouvola)",26,...,...
"48100  Kotkansaari (Kotka)",10383,4745,5638
"48130  Katariina (Kotka)",706,377,329
"48200  Hovinsaari (Kotka)",1674,847,827
"48210  Toukolan Sairaala-Alue (Kotka)",276,128,148
"48220  Metsola (Kotka)",1324,674,650
"48230  Korela-Jylppy (Kotka)",1431,784,647
"48300  Ruonala (Kotka)",1240,628,612
"48310  Mussalo (Kotka)",4502,2215,2287
"48350  Karhuvuori (Kotka)",3450,1698,1752
"48400  Sutela (Kotka)",4129,2054,2075
"48410  Kaukola (Kotka)",1652,830,822
"48600  Karhula (Kotka)",7043,3313,3730
"48700  Kyminlinna (Kotka)",2414,1162,1252
"48710  Koivula (Kotka)",1298,674,624
"48720  Kymi (Kotka)",1755,932,823
"48750  Nikeli (Kotka)",182,93,89
"48770  Ristinkallio (Kotka)",1815,942,873
"48800  Otsola-Mäntykangas (Kotka)",2215,1124,1091
"48810  Rantahaka (Kotka)",760,405,355
"48900  Sunila (Kotka)",1343,724,619
"48910  Suulisniemi (Kotka)",1415,720,695
"48930  Tiutinen (Kotka)",323,169,154
"49200  Heinlahti (Pyhtää)",812,402,410
"49210  Huutjärvi (Pyhtää)",998,472,526
"49220  Siltakylä (Pyhtää)",1737,869,868
"49240  Purolanlahti (Pyhtää)",355,173,182
"49270  Pyhtää kk (Pyhtää)",826,419,407
"49290  Vastila (Pyhtää)",411,209,202
"49300  Tavastila (Kotka)",684,361,323
"49340  Juurikorpi (Kotka)",116,68,48
"49400  Hamina Keskus (Hamina)",9857,4690,5167
"49410  Poitsila (Hamina)",1905,961,944
"49420  Uusi-Summa (Hamina)",1950,994,956
"49460  Hillo (Hamina)",1148,598,550
"49480  Vanha-Summa (Hamina)",443,242,201
"49490  Neuvoton (Hamina)",1410,691,719
"49510  Husula (Hamina)",1157,586,571
"49520  Reitkalli (Hamina)",261,133,128
"49540  Metsäkylä (Hamina)",464,253,211
"49570  Kannusjärvi (Hamina)",411,211,200
"49610  Sivatti (Hamina)",106,55,51
"49630  Vehkajoki (Hamina)",109,60,49
"49640  Paijärvi (Hamina)",169,87,82
"49660  Pyhältö (Hamina)",541,289,252
"49700  Miehikkälä Kirkonkylä (Miehikkälä)",854,415,439
"49720  Hurttala (Miehikkälä)",56,28,28
"49730  Muurikkala (Miehikkälä)",293,148,145
"49750  Kalliokoski (Miehikkälä)",143,67,76
"49760  Suur-Miehikkälä (Miehikkälä)",197,112,85
"49770  Salo-Miehikkälä (Miehikkälä)",213,111,102
"49780  Onkamaa (Hamina)",89,55,34
"49840  Mäntlahti (Hamina)",131,75,56
"49860  Klamila (Virolahti)",664,351,313
"49900  Virolahti Keskus (Virolahti)",1820,914,906
"49930  Vaalimaa (Virolahti)",157,77,80
"49960  Ala-Pihlaja (Virolahti)",194,106,88
"49980  Ravijoki (Virolahti)",255,134,121
"50100  Mikkeli Keskus (Mikkeli)",9606,4264,5342
"50120  Siekkilä (Mikkeli)",1501,750,751
"50130  Nuijamies (Mikkeli)",2979,1408,1571
"50150  Karkialampi (Mikkeli)",1393,715,678
"50160  Kattilansilta (Mikkeli)",2361,1139,1222
"50170  Peitsari (Mikkeli)",5802,2844,2958
"50180  Visulahti (Mikkeli)",824,420,404
"50190  Tuppurala (Mikkeli)",4845,2305,2540
"50200  Kovala (Mikkeli)",618,329,289
"50300  Rämälä (Mikkeli)",329,170,159
"50350  Norola (Mikkeli)",320,165,155
"50500  Tuukkala-Kaituenmäki (Mikkeli)",1506,754,752
"50520  Moision Sairaala-alue (Mikkeli)",122,61,61
"50600  Karikko (Mikkeli)",4741,2358,2383
"50670  Otava (Mikkeli)",1843,952,891
"50700  Syysjärvi (Mikkeli)",670,337,333
"50770  Korpikoski (Mikkeli)",247,127,120
"50800  Annilanselkä (Mikkeli)",538,274,264
"50970  Ihastjärvi (Mikkeli)",2487,1257,1230
"51130  Vanhamäki (Mikkeli)",156,91,65
"51200  Kangasniemi Keskus (Kangasniemi)",3799,1854,1945
"51260  Tahkomäki (Kangasniemi)",160,92,68
"51270  Kutemajärvi (Kangasniemi)",205,109,96
"51310  Levä (Kangasniemi)",133,75,58
"51335  Kaihlamäki (Kangasniemi)",46,22,24
"51340  Hännilä-Särkiharju (Kangasniemi)",282,151,131
"51360  Koivula-Synsiö (Kangasniemi)",178,99,79
"51380  Synsiö (Kangasniemi)",47,26,21
"51420  Harjumaa-Pajulankylä (Mikkeli)",219,119,100
"51430  Läsäkoski (Kangasniemi)",80,41,39
"51440  Vuojalahti (Kangasniemi)",240,132,108
"51450  Pajulankylä (Mikkeli)",50,26,24
"51460  Luusniemi (Kangasniemi)",201,111,90
"51520  Hiirola (Mikkeli)",421,214,207
"51540  Kalvitsa (Mikkeli)",324,173,151
"51600  Haukivuori Keskus-Piitkäaho (Mikkeli)",1381,667,714
"51620  Pitkäaho (Mikkeli)",18,...,...
"51670  Nykälä (Mikkeli)",135,66,69
"51720  Rahula (Mikkeli)",484,254,230
"51740  Huuhanaho (Mikkeli)",212,117,95
"51760  Nuutilanmäki (Juva)",283,150,133
"51780  Kuosmala (Juva)",126,72,54
"51810  Maivala (Juva)",143,76,67
"51820  Hatsola (Juva)",269,140,129
"51850  Vuorenmaa (Juva)",187,104,83
"51860  Narila (Juva)",68,39,29
"51880  Koikkala (Juva)",232,124,108
"51890  Risulahti (Juva)",78,37,41
"51900  Juva Keskus (Juva)",4297,2072,2225
"51930  Paatela (Juva)",165,93,72
"51940  Härkälä (Juva)",119,70,49
"51980  Lauteala (Juva)",227,130,97
"52100  Anttola (Mikkeli)",1430,702,728
"52110  Majavesi (Mikkeli)",405,219,186
"52150  Hauhala (Mikkeli)",130,70,60
"52200  Puumala Keskus (Puumala)",1800,901,899
"52230  Hurissalo (Puumala)",221,114,107
"52270  Ryhälä (Puumala)",39,18,21
"52300  Ristiina Keskus (Mikkeli)",2898,1395,1503
"52320  Vitsiälä (Mikkeli)",355,176,179
"52330  Heimari (Mikkeli)",49,29,20
"52340  Hangastenmaa (Mikkeli)",200,107,93
"52360  Someenjärvi (Mikkeli)",92,56,36
"52420  Pellosniemi (Mikkeli)",615,343,272
"52510  Hietanen (Hirvensalmi)",503,276,227
"52520  Syväsmäki (Hirvensalmi)",154,81,73
"52550  Hirvensalmi Keskus (Hirvensalmi)",1476,749,727
"52610  Tuukkalanlahti (Hirvensalmi)",115,58,57
"52620  Kuitula (Hirvensalmi)",93,53,40
"52700  Mäntyharju Keskus (Mäntyharju)",4817,2336,2481
"52720  Karankamäki-Koirakivi (Mäntyharju)",110,57,53
"52730  Koirakivi (Mäntyharju)",74,33,41
"52740  Tuustaipale (Mäntyharju)",281,151,130
"52760  Mynttilä (Mäntyharju)",88,46,42
"52780  Kuomiokoski (Mikkeli)",94,51,43
"52830  Suomenniemi (Mikkeli)",595,309,286
"52850  Halmeniemi (Mäntyharju)",120,68,52
"52890  Käävänkylä (Mäntyharju)",90,47,43
"52920  Voikoski (Kouvola)",128,66,62
"52960  Nurmaa (Mäntyharju)",118,58,60
"52970  Pankalahti-Ahvenainen (Mäntyharju)",81,52,29
"52980  Ahvenainen (Heinola)",75,40,35
"53100  Lappeenranta keskus (Lappeenranta)",10498,4558,5940
"53130  Keskussairaala-alue-Kimpinen (Lappeenranta)",687,327,360
"53200  Kaukas-Tirilä (Lappeenranta)",1506,727,779
"53300  Lauritsala-Mälkiä (Lappeenranta)",7791,3882,3909
"53400  Laihia (Lappeenranta)",1905,979,926
"53420  Mustola (Lappeenranta)",574,286,288
"53500  Parkkarila-Harapainen-Reijola (Lappeenranta)",5062,2568,2494
"53550  Kourulanmäki (Lappeenranta)",1280,620,660
"53600  Kesämäki (Lappeenranta)",2552,1131,1421
"53650  Mattila-Kuusela (Lappeenranta)",2013,1035,978
"53810  Kuusimäki-Lavola (Lappeenranta)",3877,1930,1947
"53830  Rutola (Lappeenranta)",723,369,354
"53850  Skinnarila (Lappeenranta)",11253,6046,5207
"53900  Pallo-Tysterniemi-Leiri (Lappeenranta)",3029,1434,1595
"53920  Voisalmi (Lappeenranta)",3083,1510,1573
"53950  Kivisalmi (Lappeenranta)",2055,1020,1035
"54100  Joutseno Keskus (Lappeenranta)",5254,2591,2663
"54110  Lampikangas (Lappeenranta)",1080,540,540
"54120  Pulp (Lappeenranta)",1729,903,826
"54190  Konnunsuo (Lappeenranta)",77,42,35
"54230  Nuijamaa (Lappeenranta)",627,330,297
"54250  Rapattila (Lappeenranta)",168,87,81
"54260  Hanhijärvi (Lappeenranta)",788,406,382
"54270  Vainikkala (Lappeenranta)",447,245,202
"54300  Vilkjärvi (Lappeenranta)",605,317,288
"54310  Hytti (Lappeenranta)",428,229,199
"54330  Simola (Lappeenranta)",405,214,191
"54390  Pulsa (Lappeenranta)",141,80,61
"54410  Ylämaa Keskus (Lappeenranta)",900,457,443
"54430  Hujakkala (Lappeenranta)",160,79,81
"54460  Ylijärvi (Lappeenranta)",85,43,42
"54490  Ahomäki (Miehikkälä)",151,81,70
"54500  Taavetti-Somerharju (Luumäki)",2652,1296,1356
"54510  Uro (Luumäki)",393,214,179
"54530  Luumäki (Luumäki)",1186,603,583
"54550  Suo-Anttila (Luumäki)",77,39,38
"54580  Somerharju (Luumäki)",37,22,15
"54590  Kaitjärvi (Luumäki)",122,62,60
"54710  Lemi Keskus (Lemi)",1313,659,654
"54720  Laksiainen (Lemi)",151,83,68
"54750  Välijoki (Savitaipale)",273,144,129
"54770  Heituinlahti (Savitaipale)",510,274,236
"54800  Savitaipale Keskus (Savitaipale)",2482,1200,1282
"54820  Kotimäki (Lemi)",249,134,115
"54850  Kuukanniemi (Lemi)",1109,589,520
"54915  Saimaanharju-Kyläniemi (Taipalsaari)",1731,857,874
"54920  Taipalsaari (Taipalsaari)",1532,792,740
"54930  Levänen (Taipalsaari)",298,161,137
"54940  Solkei (Taipalsaari)",108,66,42
"54950  Pettilä (Savitaipale)",92,49,43
"54960  Vehkataipale (Taipalsaari)",599,302,297
"55100  Imatra Keskus (Imatra)",9819,4743,5076
"55120  Mansikkala-Tuulikallio (Imatra)",3180,1453,1727
"55300  Rauha-Tiuruniemi (Lappeenranta)",962,484,478
"55320  Rauha (Lappeenranta)",563,292,271
"55330  Tiuruniemi (Lappeenranta)",61,35,26
"55400  Tainionkoski-Mustalampi (Imatra)",1311,659,652
"55420  Karhumäki-Karhukallio (Imatra)",2019,1039,980
"55510  Sotkulampi-Linnasuo (Imatra)",1295,597,698
"55610  Rajapatsas-Teppanala (Imatra)",2766,1375,1391
"55700  Vintteri-Virasoja (Imatra)",1409,729,680
"55800  Vuoksenniska-Saarlampi (Imatra)",4089,2016,2073
"55910  Rautio-Kurkvuori (Imatra)",1539,785,754
"56100  Ruokolahti Keskus (Ruokolahti)",2019,908,1111
"56120  Salosaari (Ruokolahti)",822,416,406
"56140  Äitsaari (Ruokolahti)",214,118,96
"56210  Virmutjoki (Ruokolahti)",405,206,199
"56310  Syyspohja (Ruokolahti)",190,100,90
"56330  Utula (Ruokolahti)",32,19,13
"56350  Kyläniemi (Taipalsaari)",17,...,...
"56410  Kaiturinpää (Ruokolahti)",141,74,67
"56440  Pohja-Lankila (Ruokolahti)",203,103,100
"56510  Puntala (Ruokolahti)",410,211,199
"56550  Niska-Pietilä (Rautjärvi)",121,65,56
"56610  Rautjärvi (Rautjärvi)",559,298,261
"56640  Purnujärvi (Rautjärvi)",97,50,47
"56710  Miettilä (Rautjärvi)",119,63,56
"56730  Laikko (Rautjärvi)",301,158,143
"56800  Simpele (Rautjärvi)",2320,1153,1167
"57100  Heikinpohja-Piispanmäki (Savonlinna)",3752,1555,2197
"57120  Savonlinna (Savonlinna)",35,18,17
"57130  Savonlinna Keskus (Savonlinna)",1812,739,1073
"57170  Sortteerinlahti-Talvisalo (Savonlinna)",1864,798,1066
"57200  Miekonniemi-Venäjänniemi (Savonlinna)",2353,1169,1184
"57210  Nojanmaa (Savonlinna)",2616,1285,1331
"57220  Haka-alue-Viuhonmäki (Savonlinna)",1357,691,666
"57230  Inkerinkylä (Savonlinna)",3058,1622,1436
"57310  Rinkilä (Savonlinna)",692,341,351
"57510  Laitaatsilta (Savonlinna)",464,218,246
"57600  Poukkusilta-Pihlajaniemi (Savonlinna)",1780,889,891
"57710  Kellarpelto-Rantakoivikko (Savonlinna)",2743,1367,1376
"57810  Aholahti (Savonlinna)",322,168,154
"58130  Oravi (Savonlinna)",117,61,56
"58140  Ahvensalmi (Savonlinna)",75,36,39
"58150  Makkola (Savonlinna)",216,122,94
"58160  Karvila (Enonkoski)",158,87,71
"58170  Simanala (Enonkoski)",251,129,122
"58175  Enonkoski Keskus (Enonkoski)",842,417,425
"58180  Ihamaniemi (Enonkoski)",144,81,63
"58200  Kerimäki Keskus (Savonlinna)",3201,1593,1608
"58220  Louhi (Savonlinna)",399,225,174
"58260  Kumpuranta (Savonlinna)",169,88,81
"58300  Savonranta Keskus (Savonlinna)",637,333,304
"58320  Raikuu (Savonlinna)",170,96,74
"58350  Villala (Kitee)",201,118,83
"58360  Säimen (Savonlinna)",186,94,92
"58390  Rönkönvaara (Savonlinna)",47,29,18
"58410  Haapakallio (Savonlinna)",627,322,305
"58420  Silvola (Savonlinna)",335,188,147
"58430  Kulennoinen (Savonlinna)",466,245,221
"58450  Punkaharju (Savonlinna)",411,205,206
"58500  Punkasalmi (Savonlinna)",1496,738,758
"58520  Hiukkajoki (Savonlinna)",299,163,136
"58550  Putikko (Savonlinna)",415,223,192
"58570  Ruhvana (Savonlinna)",70,39,31
"58580  Vuoriniemi (Savonlinna)",94,51,43
"58610  Telakanava (Sulkava)",133,67,66
"58620  Lohilahti (Sulkava)",245,127,118
"58650  Kiviapaja (Savonlinna)",107,60,47
"58680  Piojärvi (Savonlinna)",49,28,21
"58690  Ala-Särkilahti-Piojärvi (Savonlinna)",97,53,44
"58700  Sulkava Keskus (Sulkava)",1981,986,995
"58720  Kaartilankoski (Sulkava)",283,150,133
"58770  Pihlajalahti (Savonlinna)",219,121,98
"58810  Kallislahti (Savonlinna)",304,157,147
"58830  Parkumäki (Rantasalmi)",285,140,145
"58850  Hiltula (Rantasalmi)",99,54,45
"58900  Rantasalmi Keskus (Rantasalmi)",2285,1121,1164
"58910  Rantasalmi Asemanseutu (Rantasalmi)",189,101,88
"58920  Kolkontaipale (Rantasalmi)",318,180,138
"58940  Tuusmäki (Rantasalmi)",228,123,105
"59100  Parikkala Keskus (Parikkala)",2059,988,1071
"59130  Koitsanlahti (Parikkala)",174,93,81
"59210  Melkoniemi (Parikkala)",144,82,62
"59310  Särkisalmi (Parikkala)",827,424,403
"59320  Haapaoja (Parikkala)",83,40,43
"59410  Kirjavala (Parikkala)",395,214,181
"59510  Maironiemi (Parikkala)",372,183,189
"59520  Saari (Parikkala)",122,69,53
"59530  Mikkolanniemi (Parikkala)",72,38,34
"59610  Tarnala (Parikkala)",159,83,76
"59710  Kummunkylä (Parikkala)",109,55,54
"59720  Niukkala (Parikkala)",137,71,66
"59730  Uukuniemi (Parikkala)",108,61,47
"59800  Kesälahti Keskus (Kitee)",1494,734,760
"59810  Suurikylä (Kitee)",78,41,37
"59820  Purujärvi-Rajavaara (Kitee)",137,76,61
"60100  Seinäjoki Keskus (Seinäjoki)",10151,4521,5630
"60120  Pohja (Seinäjoki)",2572,1219,1353
"60150  Kasperi (Seinäjoki)",4587,2299,2288
"60200  Törnävä (Seinäjoki)",11806,5847,5959
"60220  Huhtala (Seinäjoki)",1856,776,1080
"60280  Eskoon Keskuslaitosalue (Seinäjoki)",48,20,28
"60320  Alakylä-Jouppi (Seinäjoki)",7289,3568,3721
"60420  Impivaara (Seinäjoki)",1228,633,595
"60450  Munakka (Ilmajoki)",406,208,198
"60510  Hyllykallio (Seinäjoki)",9091,4506,4585
"60550  Nurmo Keskus (Seinäjoki)",4322,2146,2176
"60560  Halkosaari (Seinäjoki)",699,362,337
"60640  Kurjenneva (Seinäjoki)",687,368,319
"60720  Tuomikylä (Ilmajoki)",2232,1138,1094
"60760  Pojanluoma (Ilmajoki)",979,496,483
"60800  Ilmajoki Keskus (Ilmajoki)",5867,2896,2971
"61100  Peräseinäjoki Keskus (Seinäjoki)",1945,963,982
"61110  Vuolle (Seinäjoki)",195,101,94
"61120  Louko (Seinäjoki)",677,356,321
"61140  Pasto (Seinäjoki)",132,70,62
"61150  Sydänmaa (Alavus)",69,36,33
"61160  Koura (Seinäjoki)",562,291,271
"61170  Sääskiniemi (Alavus)",271,146,125
"61180  Haapaluoma (Seinäjoki)",208,110,98
"61220  Myllysalo (Kurikka)",224,124,100
"61230  Luopa (Kurikka)",703,356,347
"61250  Jalasto (Kurikka)",296,157,139
"61270  Luopajärvi (Kurikka)",605,319,286
"61280  Jokipii (Kurikka)",496,249,247
"61290  Taivalmaa (Kurikka)",105,55,50
"61300  Kurikka Keskus (Kurikka)",6556,3150,3406
"61310  Panttila (Kurikka)",710,371,339
"61330  Koskenkorva (Ilmajoki)",2012,1037,975
"61340  Nopankylä (Ilmajoki)",252,136,116
"61350  Huissi (Ilmajoki)",367,196,171
"61360  Mieto (Kurikka)",987,524,463
"61370  Lohiluoma (Kurikka)",340,190,150
"61380  Polvenkylä (Kurikka)",177,100,77
"61400  Ylistaro Keskus (Seinäjoki)",2019,973,1046
"61410  Ylistaro Asemanseutu (Seinäjoki)",782,408,374
"61430  Isorehto (Seinäjoki)",395,219,176
"61440  Untamala (Seinäjoki)",185,107,78
"61450  Kylänpää (Seinäjoki)",561,287,274
"61460  Hanhikoski (Seinäjoki)",257,126,131
"61470  Kitinoja (Seinäjoki)",450,221,229
"61500  Isokyrö Keskus (Isokyrö)",2665,1285,1380
"61520  Lehmäjoki (Isokyrö)",214,120,94
"61550  Orismala (Isokyrö)",625,345,280
"61560  Orisberg (Isokyrö)",56,31,25
"61600  Jalasjärvi Keskus (Kurikka)",3952,1898,2054
"61630  Hirvijärvi (Kurikka)",283,148,135
"61640  Ala-Valli (Kurikka)",190,102,88
"61650  Kalakoski (Seinäjoki)",353,185,168
"61680  Mantila (Kurikka)",227,114,113
"61710  Pentinmäki (Kurikka)",279,145,134
"61720  Koskue (Kurikka)",535,291,244
"61730  Yli-Valli (Kurikka)",224,128,96
"61760  Ilvesjoki (Kurikka)",329,174,155
"61800  Kauhajoki Keskus (Kauhajoki)",8130,3936,4194
"61810  Luomankylä (Kauhajoki)",280,159,121
"61820  Kainasto (Kauhajoki)",593,304,289
"61840  Norinkylä (Teuva)",276,150,126
"61850  Kauhajoki Asemanseutu (Kauhajoki)",2120,1084,1036
"61860  Harja (Kauhajoki)",201,100,101
"61880  Ikkeläjärvi (Kauhajoki)",176,98,78
"61910  Nummijärvi (Kauhajoki)",266,149,117
"61920  Nummikoski (Kauhajoki)",63,33,30
"61940  Hyyppä (Kauhajoki)",293,158,135
"61950  Juonikylä (Kauhajoki)",158,85,73
"61960  Kyrönlatva (Kauhajoki)",123,67,56
"61980  Päntäne (Kauhajoki)",869,473,396
"62100  Lapua Keskus (Lapua)",10857,5267,5590
"62130  Hellanmaa (Lapua)",523,278,245
"62150  Rintakangas (Kauhava)",131,78,53
"62160  Karhunkylä (Lapua)",590,309,281
"62165  Tiisteenjoki (Lapua)",339,178,161
"62170  Lakaluoma (Lapua)",283,152,131
"62175  Ylikylä-Mäenpää (Lapua)",124,66,58
"62185  Mäki-Paavola (Lapua)",135,72,63
"62190  Ruha (Lapua)",581,309,272
"62200  Kauhava Keskus (Kauhava)",5681,2778,2903
"62220  Pernaa (Kauhava)",429,231,198
"62230  Jylhä (Kauhava)",382,209,173
"62240  Huhmarkoski (Kauhava)",500,262,238
"62260  Hirvijoki (Kauhava)",185,92,93
"62280  Mustamaa (Lapua)",120,67,53
"62290  Hirvikylä (Lapua)",254,123,131
"62295  Kauhajärvi (Lapua)",423,219,204
"62300  Härmä (Kauhava)",2359,1176,1183
"62310  Voltti (Kauhava)",1086,562,524
"62340  Kuoppa-Vakkuri (Kauhava)",90,44,46
"62350  Ekola (Kauhava)",109,55,54
"62370  Kangasto (Kauhava)",215,108,107
"62375  Ylihärmä Keskus-Vesiluoma (Kauhava)",2463,1224,1239
"62380  Kosolankylä (Kauhava)",195,104,91
"62395  Petterinmäki (Vöyri)",127,74,53
"62410  Rintala (Kauhava)",317,163,154
"62420  Kortesjärvi Keskus (Kauhava)",996,494,502
"62430  Peltotupa (Kauhava)",137,70,67
"62435  Pirttinen (Kauhava)",120,63,57
"62440  Perkiömäki (Kauhava)",99,61,38
"62470  Purmojärvi (Kauhava)",407,221,186
"62500  Evijärvi Keskus (Evijärvi)",1515,756,759
"62510  Kuoppa-aho (Evijärvi)",318,163,155
"62520  Kautiainen (Evijärvi)",135,75,60
"62540  Vasikka-aho (Evijärvi)",265,143,122
"62570  Särkilä (Evijärvi)",206,108,98
"62600  Lappajärvi Keskus (Lappajärvi)",1821,910,911
"62610  Tarvola (Lappajärvi)",124,58,66
"62620  Ala-Seppä (Lappajärvi)",183,90,93
"62630  Karvala (Lappajärvi)",294,147,147
"62640  Savonkylä (Lappajärvi)",118,62,56
"62660  Itäkylä (Lappajärvi)",544,273,271
"62710  Kurejoki (Alajärvi)",768,418,350
"62720  Sissala (Alajärvi)",324,161,163
"62730  Haukkala (Alajärvi)",225,121,104
"62740  Koskenvarsi (Alajärvi)",208,110,98
"62750  Saukonkylä (Alajärvi)",194,99,95
"62760  Menkijärvi (Alajärvi)",221,113,108
"62800  Vimpeli Keskus (Vimpeli)",2267,1133,1134
"62810  Savonjoki (Vimpeli)",116,66,50
"62830  Luoma-Aho (Alajärvi)",330,168,162
"62840  Lakaniemi-Pokela (Vimpeli)",48,25,23
"62860  Sahi (Vimpeli)",183,98,85
"62870  Vinni (Vimpeli)",47,24,23
"62880  Sääksvesi-Vinni (Vimpeli)",260,150,110
"62900  Alajärvi Keskus (Alajärvi)",4632,2251,2381
"62920  Levijoki (Alajärvi)",83,43,40
"62940  Hoisko (Alajärvi)",569,295,274
"62950  Paalijärvi (Alajärvi)",429,233,196
"62990  Möksy (Alajärvi)",127,70,57
"63100  Kuortane Keskus (Kuortane)",1427,681,746
"63120  Leppälänkylä (Kuortane)",328,174,154
"63130  Mäyry (Kuortane)",693,370,323
"63150  Ruona (Kuortane)",411,216,195
"63160  Salmi (Kuortane)",135,79,56
"63210  Niinimaa (Alavus)",109,58,51
"63230  Lentilä (Kuortane)",301,168,133
"63250  Rantala (Kuortane)",111,53,58
"63300  Alavus Keskus (Alavus)",4764,2274,2490
"63320  Kattelus (Alavus)",62,36,26
"63330  Pahajoki (Alavus)",152,82,70
"63340  Sapsalampi (Alavus)",193,99,94
"63350  Sulkavankylä (Alavus)",210,112,98
"63355  Seinäjärvi (Alavus)",120,67,53
"63360  Kuivaskylä (Alavus)",254,145,109
"63370  Taipalus (Alavus)",515,285,230
"63400  Alavus Asemanseutu (Alavus)",1224,642,582
"63410  Rantatöysä (Alavus)",433,233,200
"63430  Kätkänjoki (Alavus)",148,85,63
"63450  Löyä (Kuortane)",61,33,28
"63500  Lehtimäki Keskus (Alajärvi)",889,439,450
"63510  Lehtimäki Kirkonkylä (Alajärvi)",268,146,122
"63530  Länsikylä (Alajärvi)",151,82,69
"63540  Hernesmaa (Alajärvi)",194,100,94
"63600  Töysä Keskus (Alavus)",1237,605,632
"63610  Tuuri (Alavus)",1086,542,544
"63640  Ritola (Alavus)",329,187,142
"63660  Ähtärinranta (Ähtäri)",175,92,83
"63680  Hakojärvi (Alavus)",317,160,157
"63700  Ähtäri Keskus (Ähtäri)",4120,2051,2069
"63770  Peränne (Ähtäri)",205,100,105
"63780  Alastaipale (Ähtäri)",152,80,72
"63800  Soini Keskus (Soini)",1679,842,837
"63830  Keisala (Soini)",63,31,32
"63880  Kukonkylä (Soini)",161,84,77
"63890  Hautakylä (Soini)",112,63,49
"63900  Myllymäki-Vehunkylä (Ähtäri)",516,287,229
"63910  Inhan Tehtaat (Ähtäri)",184,101,83
"63920  Inha (Ähtäri)",328,167,161
"63950  Vehunkylä (Ähtäri)",48,29,19
"64100  Kristiinankaupunki keskus (Kristinestad)",2869,1369,1500
"64140  Tiukka (Kristinestad)",521,284,237
"64200  Närpiö Keskus (Närpes)",3033,1464,1569
"64210  Kalax (Närpes)",429,207,222
"64220  Yttermark (Närpes)",932,515,417
"64230  Närpiön Asemanseutu (Närpes)",983,500,483
"64240  Böle (Närpes)",249,129,120
"64250  Pjelax (Närpes)",372,201,171
"64260  Kaskinen (Kaskinen)",1327,666,661
"64300  Lapväärtti (Kristinestad)",1733,873,860
"64320  Dagsmark (Kristinestad)",423,209,214
"64350  Karijoki Keskus (Karijoki)",1052,547,505
"64370  Myrkky (Karijoki)",263,140,123
"64440  Metsälä-Kallträsk (Kristinestad)",201,108,93
"64450  Kallträsk (Kristinestad)",53,27,26
"64460  Härkmeri (Kristinestad)",389,210,179
"64480  Skaftung (Kristinestad)",228,126,102
"64490  Siipyy (Kristinestad)",156,82,74
"64510  Nämpnäs (Närpes)",429,231,198
"64530  Norrnäs (Närpes)",273,137,136
"64550  Rangsby (Närpes)",263,133,130
"64610  Övermark (Närpes)",1097,543,554
"64700  Teuva Keskus (Teuva)",3269,1606,1663
"64720  Perälä (Teuva)",568,316,252
"64740  Horo (Teuva)",229,120,109
"64760  Peltola (Teuva)",325,191,134
"64770  Äystö (Teuva)",497,265,232
"64810  Vanhakylä (Isojoki)",225,128,97
"64820  Kärjenkoski (Isojoki)",174,97,77
"64830  Villamo (Isojoki)",169,95,74
"64840  Heikkilänjoki (Isojoki)",41,20,21
"64850  Möykky (Isojoki)",113,65,48
"64900  Isojoki Keskus (Isojoki)",1083,561,522
"64930  Kodesjärvi (Isojoki)",176,99,77
"65100  Vaasa Keskus (Vaasa)",18349,8732,9617
"65130  Hietalahti (Vaasa)",0,0,0
"65170  Vaskiluoto (Vaasa)",344,189,155
"65200  Palosaari (Vaasa)",5705,3000,2705
"65230  Vetokannas (Vaasa)",5676,2896,2780
"65280  Gerby (Vaasa)",7138,3623,3515
"65300  Asevelikylä (Vaasa)",5296,2673,2623
"65320  Huutoniemi (Vaasa)",6195,3150,3045
"65350  Suvilahti (Vaasa)",3772,1847,1925
"65370  Ristinummi (Vaasa)",4366,2268,2098
"65380  Vanha Vaasa (Vaasa)",3207,1633,1574
"65410  Sundom (Vaasa)",2547,1287,1260
"65450  Sulva (Korsholm)",2013,1001,1012
"65460  Tölby-Rimal (Korsholm)",361,182,179
"65470  Rimal (Korsholm)",53,30,23
"65480  Vikby (Korsholm)",266,128,138
"65520  Helsingby (Korsholm)",1449,759,690
"65610  Mustasaari Keskus (Korsholm)",5864,2868,2996
"65630  Karperö (Korsholm)",1347,665,682
"65650  Koskö (Korsholm)",292,147,145
"65710  Singsby (Korsholm)",628,323,305
"65730  Jungsund (Korsholm)",434,215,219
"65760  Iskmo (Korsholm)",272,137,135
"65800  Raippaluoto (Korsholm)",846,424,422
"65870  Björköby (Korsholm)",339,179,160
"65920  Norra Vallgrund-Söderudden (Korsholm)",344,184,160
"65930  Södra Vallgrund (Korsholm)",357,182,175
"65970  Söderudden (Korsholm)",195,100,95
"66100  Maalahti (Malax)",2010,996,1014
"66140  Övermalax (Malax)",1562,815,747
"66160  Långåminne (Malax)",276,150,126
"66200  Korsnäs Keskus (Korsnäs)",858,429,429
"66210  Moikipää (Korsnäs)",530,272,258
"66220  Bergö (Malax)",458,263,195
"66230  Korsbäck (Korsnäs)",80,41,39
"66240  Petolahti (Malax)",1021,510,511
"66260  Svarvar (Malax)",102,59,43
"66270  Pirttikylä-Sorvari (Närpes)",840,435,405
"66280  Taklax (Korsnäs)",331,176,155
"66290  Harrström (Korsnäs)",328,180,148
"66295  Töjby (Närpes)",362,188,174
"66300  Jurva Keskus (Kurikka)",2059,997,1062
"66320  Niemenkylä (Kurikka)",309,154,155
"66330  Hakko (Kurikka)",253,138,115
"66340  Sarvijoki (Kurikka)",330,169,161
"66350  Tainus (Kurikka)",145,77,68
"66360  Kesti (Kurikka)",369,203,166
"66370  Närvijoki (Kurikka)",261,138,123
"66400  Laihia Keskus (Laihia)",6095,3041,3054
"66420  Ruto (Laihia)",328,174,154
"66430  Vedenoja (Vaasa)",174,92,82
"66440  Tervajoki (Isokyrö)",1921,1007,914
"66450  Jakkula (Laihia)",865,461,404
"66460  Haapala (Laihia)",342,178,164
"66470  Jukaja-Jokisalo (Laihia)",314,164,150
"66500  Vähäkyrö Keskus (Vaasa)",2270,1172,1098
"66510  Merikaarto (Vaasa)",1263,681,582
"66520  Veikkaala (Korsholm)",548,285,263
"66530  Koivulahti (Korsholm)",1898,959,939
"66540  Petsmo (Korsholm)",606,323,283
"66550  Västerhankmo (Korsholm)",303,160,143
"66560  Österhankmo (Korsholm)",238,119,119
"66580  Kuni (Korsholm)",409,205,204
"66590  Vassor (Korsholm)",180,96,84
"66600  Vöyri Keskus (Vöyri)",2768,1391,1377
"66640  Maksamaa (Vöyri)",1049,541,508
"66660  Bertby (Vöyri)",142,69,73
"66680  Kaurajärvi (Vöyri)",99,55,44
"66710  Kaitsor (Vöyri)",260,138,122
"66730  Oxkangar (Vöyri)",64,35,29
"66800  Oravainen Keskus (Vöyri)",1008,508,500
"66810  Kimo (Vöyri)",296,160,136
"66820  Komossa (Vöyri)",222,126,96
"66830  Oravaisten Tehdas (Vöyri)",471,246,225
"66840  Pensala (Nykarleby)",339,175,164
"66850  Jepua (Nykarleby)",932,510,422
"66900  Uusikaarlepyy Keskus (Nykarleby)",3998,2022,1976
"66910  Soklot (Nykarleby)",484,256,228
"66930  Kovjoki (Nykarleby)",238,124,114
"66950  Munsala (Nykarleby)",945,501,444
"66970  Hirvlax (Nykarleby)",448,229,219
"66980  Monå (Nykarleby)",124,60,64
"66999  Kaukaluoto (Korsholm)",64,35,29
"67100  Kokkola Keskus (Kokkola)",10285,4832,5453
"67200  Kiviniitty-Tullimäki (Kokkola)",4436,2078,2358
"67300  Halkokari (Kokkola)",4245,2071,2174
"67400  Rytimäki (Kokkola)",4747,2355,2392
"67410  Vitsari (Kokkola)",789,426,363
"67500  Sokoja (Kokkola)",1146,576,570
"67600  Linnusperä-Kaustari (Kokkola)",2908,1479,1429
"67700  Kirkonmäki-Isokylä (Kokkola)",5135,2535,2600
"67800  Koivuhaka (Kokkola)",3556,1812,1744
"67900  Ykspihjala (Kokkola)",1352,703,649
"68100  Himanka Keskus (Kalajoki)",2393,1201,1192
"68150  Hillilä (Kalajoki)",293,148,145
"68210  Marinkainen (Kokkola)",880,444,436
"68220  Karhi (Kokkola)",126,69,57
"68230  Lohtaja Keskus (Kokkola)",1107,569,538
"68240  Ala-Viirre (Kokkola)",330,170,160
"68300  Kälviä Keskus (Kokkola)",3746,1914,1832
"68320  Ruotsalo (Kokkola)",797,433,364
"68370  Ullava Keskus (Kokkola)",389,198,191
"68380  Yli-Ullava (Kokkola)",339,173,166
"68390  Rahkonen (Kokkola)",148,73,75
"68410  Alaveteli (Kronoby)",1602,829,773
"68500  Kruunupyy Keskus (Kronoby)",2837,1402,1435
"68530  Lepplax (Pedersöre)",651,341,310
"68550  Öja (Kokkola)",728,387,341
"68555  Bosund (Larsmo)",1059,563,496
"68560  Eugmo (Larsmo)",1013,525,488
"68570  Luoto (Larsmo)",2374,1207,1167
"68580  Furuholmen (Larsmo)",852,429,423
"68600  Pietarsaari Keskus (Jakobstad)",11463,5695,5768
"68620  Skutnäs-Västermalm (Jakobstad)",4927,2463,2464
"68630  Kyrkostrand (Jakobstad)",2568,1308,1260
"68660  Östermalm-Björnholmen (Jakobstad)",2181,1103,1078
"68690  Sundby (Pedersöre)",342,181,161
"68700  Teerijärvi (Kronoby)",1783,899,884
"68750  Småbönders (Kronoby)",243,124,119
"68800  Kolppi (Pedersöre)",1206,628,578
"68810  Ytteresse (Pedersöre)",1596,831,765
"68820  Ähtävä (Pedersöre)",1097,556,541
"68830  Bäckby (Pedersöre)",129,70,59
"68840  Nederlappfors (Pedersöre)",317,159,158
"68870  Edsevö (Pedersöre)",508,260,248
"68910  Pännäinen (Pedersöre)",1299,661,638
"68920  Forsby (Pedersöre)",468,241,227
"68930  Purmo (Pedersöre)",675,346,329
"68940  Lillby (Pedersöre)",485,259,226
"68970  Överpurmo (Pedersöre)",215,110,105
"68999  Rita (Kokkola)",100,48,52
"69100  Kannus Keskus (Kannus)",4972,2446,2526
"69150  Eskola (Kannus)",413,216,197
"69170  Yli-Kannus (Kannus)",298,146,152
"69300  Toholampi Keskus (Toholampi)",2078,1046,1032
"69310  Laitala (Toholampi)",327,181,146
"69330  Määttälä (Toholampi)",138,70,68
"69340  Purontaka (Toholampi)",148,77,71
"69410  Sykäräinen (Toholampi)",418,222,196
"69420  Syri (Lestijärvi)",57,28,29
"69440  Lestijärvi Keskus (Lestijärvi)",430,229,201
"69450  Yli-Lesti (Lestijärvi)",209,108,101
"69510  Halsua Keskus-Marjusaari (Halsua)",811,413,398
"69550  Kanala (Halsua)",83,48,35
"69570  Karvonen (Halsua)",271,137,134
"69600  Kaustinen Keskus (Kaustinen)",4026,2014,2012
"69660  Köyhäjoki (Kaustinen)",228,117,111
"69700  Veteli Keskus (Veteli)",1387,715,672
"69730  Tunkkari (Veteli)",507,258,249
"69750  Sillanpää (Veteli)",164,84,80
"69820  Räyrinki (Veteli)",607,306,301
"69830  Pulkkinen (Veteli)",252,139,113
"69850  Patana (Veteli)",202,111,91
"69910  Kivikangas (Perho)",50,27,23
"69920  Oksakoski-Kivikangas (Perho)",509,269,240
"69950  Perho Keskus-Salamajärvi (Perho)",1267,625,642
"69970  Salamajärvi (Perho)",29,...,...
"69980  Möttönen (Perho)",968,491,477
"70100  Kuopio Keskus (Kuopio)",11629,5098,6531
"70110  Etu-Niirala (Kuopio)",3845,1652,2193
"70150  Neulamäki (Kuopio)",4945,2559,2386
"70200  Puijonlaakso (Kuopio)",7328,3278,4050
"70210  Kuopion Keskussairaala-alue (Kuopio)",80,24,56
"70240  Niuvaniemen Sairaala-alue (Kuopio)",94,66,28
"70260  Julkula (Kuopio)",2485,1213,1272
"70280  Länsi-Puijo (Kuopio)",2144,1045,1099
"70300  Linnanpelto (Kuopio)",1181,525,656
"70340  Inkilänmäki (Kuopio)",4039,2025,2014
"70400  Kettulanlahti (Kuopio)",761,369,392
"70420  Päiväranta (Kuopio)",2297,1119,1178
"70460  Saarijärvi (Kuopio)",3748,1810,1938
"70500  Männistö (Kuopio)",6981,3274,3707
"70600  Niirala-Huuhanmäki (Kuopio)",3418,1637,1781
"70620  Haapaniemi (Kuopio)",2296,1118,1178
"70700  Särkiniemi (Kuopio)",3723,1812,1911
"70780  Jynkkä (Kuopio)",4818,2391,2427
"70800  Pitkälahti (Kuopio)",3279,1665,1614
"70820  Litmanen (Kuopio)",13572,6688,6884
"70840  Jynkänmäki (Kuopio)",7818,3883,3935
"70870  Hiltulanlahti (Kuopio)",2848,1453,1395
"70900  Toivala (Siilinjärvi)",3024,1531,1493
"70910  Vuorela (Siilinjärvi)",3079,1464,1615
"70940  Jännevirta (Kuopio)",563,296,267
"71130  Kortejoki (Kuopio)",528,265,263
"71150  Vartiala (Kuopio)",618,324,294
"71160  Riistavesi (Kuopio)",1480,746,734
"71170  Laukka-aho (Tuusniemi)",96,47,49
"71200  Tuusniemi Keskus (Tuusniemi)",1494,723,771
"71210  Tuusjärvi (Tuusniemi)",226,116,110
"71240  Paakkila (Tuusniemi)",218,115,103
"71260  Juurikkamäki (Tuusniemi)",154,90,64
"71280  Kosula (Tuusniemi)",224,126,98
"71310  Vehmersalmi Keskus (Kuopio)",1187,600,587
"71330  Räsälä (Kuopio)",352,195,157
"71360  Litmaniemi (Kuopio)",162,89,73
"71380  Mustinlahti (Kuopio)",139,78,61
"71460  Paukarlahti (Leppävirta)",477,243,234
"71470  Oravikoski (Leppävirta)",442,233,209
"71480  Kurkimäki (Kuopio)",1148,592,556
"71490  Airaksela (Kuopio)",268,143,125
"71520  Kaislastenlahti (Kuopio)",322,167,155
"71570  Syvänniemi (Kuopio)",1314,671,643
"71610  Salonkulma (Kuopio)",3,...,...
"71640  Talluskylä (Tervo)",203,120,83
"71650  Hirvilahti-Salonkulma (Kuopio)",451,245,206
"71660  Leinolanlahti (Kuopio)",102,59,43
"71670  Kurolanlahti (Kuopio)",79,45,34
"71680  Pulkonkoski-Saarinen (Kuopio)",220,119,101
"71690  Varpasmaa (Kuopio)",13,...,...
"71720  Käärmelahti (Kuopio)",643,327,316
"71730  Kinnulanlahti (Kuopio)",568,283,285
"71740  Tavinsalmi (Kuopio)",89,46,43
"71745  Haatala (Kuopio)",40,25,15
"71750  Maaninka Keskus (Kuopio)",1053,502,551
"71760  Ahkionlahti-Vianta (Kuopio)",283,148,135
"71775  Tuovilanlahti-Haatala (Kuopio)",402,223,179
"71800  Siilinjärvi Keskus (Siilinjärvi)",10526,5136,5390
"71820  Pöljä (Siilinjärvi)",819,442,377
"71840  Kuuslahti (Siilinjärvi)",542,280,262
"71850  Leppäkaarre (Siilinjärvi)",1986,971,1015
"71870  Harjamäki (Siilinjärvi)",496,267,229
"71890  Hamula (Siilinjärvi)",930,476,454
"71910  Alapitkä (Lapinlahti)",782,412,370
"71920  Pajujärvi (Lapinlahti)",418,209,209
"71950  Lammasaho (Kuopio)",104,57,47
"71960  Lukkarila (Lapinlahti)",215,115,100
"72100  Karttula Keskus (Kuopio)",1620,829,791
"72140  Itä-Karttula-Riuttasenpää (Kuopio)",40,24,16
"72210  Tervo Keskus-Eliaksela (Tervo)",1127,555,572
"72220  Eliaksela (Tervo)",56,35,21
"72300  Vesanto Keskus (Vesanto)",1245,618,627
"72310  Niinivesi (Vesanto)",226,125,101
"72330  Tiitilänkylä (Vesanto)",108,63,45
"72350  Pienola (Vesanto)",263,130,133
"72360  Närhilä (Vesanto)",91,54,37
"72380  Horontaipale (Vesanto)",114,60,54
"72400  Pielavesi Keskus-Jylänki (Pielavesi)",2652,1336,1316
"72430  Kumpula (Pielavesi)",252,138,114
"72490  Saarinen (Kuopio)",13,...,...
"72510  Jokijärvi (Pielavesi)",91,53,38
"72530  Säviäntaipale (Pielavesi)",207,110,97
"72550  Säviä (Pielavesi)",295,154,141
"72570  Vuorikylä (Pielavesi)",104,53,51
"72600  Keitele Keskus (Keitele)",1887,933,954
"72630  Kuusela-Rajala (Keitele)",94,52,42
"72710  Vaaraslahti (Pielavesi)",405,214,191
"72740  Laukkala (Pielavesi)",134,72,62
"72810  Jylhänkylä (Pielavesi)",138,79,59
"72840  Saarela (Pielavesi)",92,52,40
"72930  Tossavanlahti (Keitele)",103,55,48
"72950  Porttila (Keitele)",84,45,39
"72980  Petäjäkylä (Keitele)",71,42,29
"73100  Lapinlahti Keskus (Lapinlahti)",4878,2389,2489
"73110  Mäntylahti-Karvasalmi (Lapinlahti)",259,139,120
"73120  Nerkoo-Horsmanmäki (Lapinlahti)",517,278,239
"73200  Varpaisjärvi Keskus (Lapinlahti)",1725,862,863
"73230  Syvärinpää (Lapinlahti)",307,170,137
"73250  Korpijärvi (Lapinlahti)",179,99,80
"73300  Nilsiä Keskus (Kuopio)",2968,1405,1563
"73310  Tahkovuori (Kuopio)",82,43,39
"73320  Reittiö (Kuopio)",1200,648,552
"73350  Haluna (Kuopio)",441,235,206
"73360  Pajulahti (Kuopio)",601,319,282
"73410  Pieksänkoski (Kuopio)",247,132,115
"73460  Muuruvesi (Kuopio)",685,352,333
"73470  Västinniemi (Kuopio)",320,173,147
"73500  Juankoski Keskus (Kuopio)",2580,1297,1283
"73600  Kaavi Keskus (Kaavi)",2032,1014,1018
"73620  Kortteinen-Rasilampi (Kaavi)",233,126,107
"73640  Sivakkavaara (Kaavi)",101,52,49
"73645  Niinivaara-Onnivaara (Kaavi)",76,41,35
"73670  Luikonlahti (Kaavi)",464,232,232
"73710  Viitaniemi (Kuopio)",145,75,70
"73730  Losomäki (Kuopio)",70,36,34
"73770  Säyneinen-Ala-Siikajärvi (Kuopio)",506,279,227
"73810  Palonurmi-Aholansaari (Kuopio)",301,158,143
"73830  Keski-Siikajärvi (Kuopio)",233,123,110
"73850  Ala-Luosta-Riitasalo (Rautavaara)",89,51,38
"73860  Pykälikkö (Rautavaara)",0,0,0
"73900  Rautavaara Keskus (Rautavaara)",1300,697,603
"73970  Riitasalo (Rautavaara)",8,...,...
"73990  Kangaslahti (Rautavaara)",135,71,64
"74100  Iisalmi Keskus, Eteläinen (Iisalmi)",3845,1726,2119
"74120  Iisalmi Keskus Pohjoinen (Iisalmi)",6288,3033,3255
"74130  Kihmula (Iisalmi)",4792,2384,2408
"74140  Ritoniemi (Iisalmi)",1197,636,561
"74150  Laidunmäki (Iisalmi)",988,526,462
"74160  Koljonvirta (Iisalmi)",1092,578,514
"74170  Soinlahti (Iisalmi)",879,452,427
"74200  Vieremä Keskus (Vieremä)",2291,1157,1134
"74230  Salahmi (Vieremä)",417,213,204
"74240  Marttisenjärvi (Vieremä)",144,78,66
"74250  Nissilä (Vieremä)",101,56,45
"74270  Kauppilanmäki (Vieremä)",446,230,216
"74300  Sonkajärvi Keskus (Sonkajärvi)",2618,1345,1273
"74340  Sukeva-Kainuunmäki (Sonkajärvi)",674,358,316
"74345  Kalliosuo (Sonkajärvi)",62,36,26
"74360  Sonkakoski (Sonkajärvi)",157,88,69
"74380  Jyrkkä (Sonkajärvi)",80,44,36
"74390  Laakajärvi (Sotkamo)",62,39,23
"74420  Hernejärvi (Sonkajärvi)",287,164,123
"74470  Paloinen (Lapinlahti)",164,94,70
"74490  Koirakoski (Sonkajärvi)",115,62,53
"74510  Peltosalmi-Sourunsalo (Iisalmi)",768,407,361
"74520  Kirmanranta (Iisalmi)",527,268,259
"74540  Kotikylä (Iisalmi)",151,81,70
"74550  Pörsänmäki (Iisalmi)",215,119,96
"74590  Kurenpolvi (Vieremä)",307,171,136
"74595  Runni (Iisalmi)",628,329,299
"74610  Honkaranta (Kiuruvesi)",189,105,84
"74630  Heinäkylä (Kiuruvesi)",207,108,99
"74640  Sulkavanjärvi (Kiuruvesi)",154,83,71
"74670  Rapakkojoki (Kiuruvesi)",120,65,55
"74680  Myllyniemi (Kiuruvesi)",389,206,183
"74700  Kiuruvesi Keskus (Kiuruvesi)",5990,2960,3030
"74720  Niemiskylä (Kiuruvesi)",214,105,109
"74740  Aittojärvi (Kiuruvesi)",297,160,137
"74770  Kalliokylä (Kiuruvesi)",66,32,34
"74840  Koppeloharju (Kiuruvesi)",269,144,125
"74940  Remeskylä-Tihilänkangas (Kiuruvesi)",130,73,57
"74980  Tihilänkangas (Kiuruvesi)",38,24,14
"75500  Nurmes Keskus (Nurmes)",4055,2019,2036
"75530  Porokylä (Nurmes)",2731,1314,1417
"75650  Savikylä (Nurmes)",440,245,195
"75680  Ylä-Luosta (Rautavaara)",104,59,45
"75700  Valtimo Keskus (Nurmes)",1325,658,667
"75710  Karhunpää (Nurmes)",279,154,125
"75740  Pajukoski (Nurmes)",101,55,46
"75770  Puukari (Nurmes)",173,95,78
"75790  Rumo (Nurmes)",85,49,36
"75840  Ylä-Valtimo (Nurmes)",149,72,77
"75890  Saramo-Petäiskylä-Mujejärvi (Nurmes)",73,42,31
"75930  Petäiskylä (Nurmes)",50,27,23
"75940  Mujejärvi (Nurmes)",7,...,...
"75970  Kohtavaara (Nurmes)",97,55,42
"75990  Höljäkkä (Nurmes)",110,60,50
"76100  Pieksämäki Keskus (Pieksämäki)",5509,2578,2931
"76120  Kontiopuisto (Pieksämäki)",1889,952,937
"76130  Pappilanmäki (Pieksämäki)",965,458,507
"76150  Länsirinne (Pieksämäki)",3047,1432,1615
"76280  Partaharju (Pieksämäki)",154,80,74
"76620  Pyhitty (Pieksämäki)",140,72,68
"76780  Lamminmäki (Pieksämäki)",93,47,46
"76850  Naarajärvi (Pieksämäki)",2795,1424,1371
"76940  Nenonpelto (Pieksämäki)",198,94,104
"77110  Paltanen (Pieksämäki)",81,38,43
"77120  Venetmäki (Pieksämäki)",168,92,76
"77140  Huumala (Pieksämäki)",89,46,43
"77220  Neuvola (Pieksämäki)",154,83,71
"77240  Halkokumpu (Pieksämäki)",133,67,66
"77320  Hurskaala (Pieksämäki)",68,34,34
"77330  Virtasalmi Keskus (Pieksämäki)",585,298,287
"77350  Montola (Pieksämäki)",217,124,93
"77380  Kantala (Mikkeli)",130,70,60
"77430  Siikamäki (Pieksämäki)",377,209,168
"77460  Maavesi (Joroinen)",338,188,150
"77480  Savuniemi (Joroinen)",35,20,15
"77520  Haapakoski-Partaharju (Pieksämäki)",183,93,90
"77570  Jäppilä Keskus (Pieksämäki)",704,350,354
"77580  Tihusniemi (Pieksämäki)",165,88,77
"77600  Suonenjoki Keskus (Suonenjoki)",6423,3169,3254
"77630  Lempyy (Suonenjoki)",221,115,106
"77690  Suontee (Suonenjoki)",107,58,49
"77700  Rautalampi Keskus (Rautalampi)",2504,1235,1269
"77770  Myhinpää (Rautalampi)",111,63,48
"77800  Iisvesi (Suonenjoki)",510,283,227
"77910  Vaajasalmi (Rautalampi)",91,44,47
"77930  Kerkonjoensuu (Rautalampi)",372,200,172
"77960  Pakarila (Rautalampi)",5,...,...
"78200  Varkaus Keskus (Varkaus)",4399,2039,2360
"78210  Kuoppakangas (Varkaus)",1553,765,788
"78250  Päiviönsaari (Varkaus)",1027,506,521
"78300  Kommila (Varkaus)",2102,1061,1041
"78310  Puurtila (Leppävirta)",1101,567,534
"78400  Luttila (Varkaus)",1235,620,615
"78480  Timola (Leppävirta)",535,291,244
"78500  Pitkälänniemi-Könönpelto (Varkaus)",2364,1181,1183
"78610  Kurola (Varkaus)",232,121,111
"78710  Akonlahti (Varkaus)",685,383,302
"78850  Käpykangas (Joroinen)",2884,1397,1487
"78870  Kaura-Aho (Varkaus)",2312,1155,1157
"78880  Kuvansi (Joroinen)",1160,596,564
"78900  Ruokokoski (Varkaus)",222,114,108
"79100  Leppävirta Keskus (Leppävirta)",5381,2632,2749
"79130  Sorsakoski (Leppävirta)",923,481,442
"79140  Kotalahti (Leppävirta)",336,189,147
"79150  Konnuslahti-Valkeamäki (Leppävirta)",391,210,181
"79160  Saamaiskylä (Leppävirta)",62,36,26
"79180  Tuppurinmäki (Leppävirta)",33,21,12
"79190  Valkeamäki (Leppävirta)",40,21,19
"79230  Moninmäki (Leppävirta)",58,35,23
"79255  Kurjala-Moninmäki (Leppävirta)",149,75,74
"79265  Puponmäki (Leppävirta)",103,53,50
"79330  Näädänmaa (Leppävirta)",83,45,38
"79350  Itä-Soisalo (Leppävirta)",82,41,41
"79410  Niinimäki (Leppävirta)",138,66,72
"79480  Kangaslampi Keskus (Varkaus)",535,279,256
"79520  Viljolahti (Varkaus)",126,71,55
"79600  Joroinen Keskus (Joroinen)",2405,1172,1233
"79620  Huutokoski (Joroinen)",201,107,94
"79630  Kolma (Joroinen)",224,117,107
"79660  Kerisalo (Joroinen)",168,93,75
"79680  Lahnalahti (Joroinen)",136,78,58
"79690  Kaitainen (Joroinen)",182,97,85
"79700  Heinävesi Keskus (Heinävesi)",2234,1105,1129
"79810  Karvion kanava (Heinävesi)",214,105,109
"79820  Varistaipale (Heinävesi)",94,53,41
"79830  Palokki (Heinävesi)",69,30,39
"79850  Uusi-Valamo (Heinävesi)",0,0,0
"79860  Suuraho - Uusi-Valamo (Heinävesi)",159,97,62
"79885  Etelä-Petruma (Heinävesi)",66,36,30
"79895  Sarvikumpu (Heinävesi)",94,53,41
"79910  Kerma (Heinävesi)",230,120,110
"79940  Vihtari-Poikiinaho (Heinävesi)",148,91,57
"80100  Joensuu Keskus, Pohjoinen (Joensuu)",9640,4293,5347
"80110  Joensuu Keskus Eteläinen (Joensuu)",4638,2036,2602
"80130  Kanervala (Joensuu)",2380,1197,1183
"80140  Noljakka (Joensuu)",8477,4164,4313
"80160  Rantakylä-Latola (Joensuu)",10201,4990,5211
"80170  Utra (Joensuu)",3794,1936,1858
"80200  Niinivaara (Joensuu)",4452,2048,2404
"80210  Sairaala-alue (Joensuu)",10,...,...
"80220  Penttilä (Joensuu)",4074,1911,2163
"80230  Hukanhauta (Joensuu)",5926,2900,3026
"80260  Kettuvaara (Joensuu)",4943,2430,2513
"80330  Reijola (Joensuu)",2327,1165,1162
"80400  Ylämylly (Liperi)",5448,2708,2740
"80510  Onttola-Kunnasniemi (Kontiolahti)",1284,668,616
"80710  Lehmo (Kontiolahti)",5587,2820,2767
"80770  Kontiolahti as (Kontiolahti)",788,403,385
"80780  Kontioniemi (Kontiolahti)",399,189,210
"80790  Kontioranta-Kontioniemi (Kontiolahti)",58,35,23
"80850  Paihola (Kontiolahti)",539,294,245
"80910  Kulho (Kontiolahti)",1355,691,664
"81100  Kontiolahti (Kontiolahti)",2795,1353,1442
"81120  Katajaranta (Kontiolahti)",424,219,205
"81160  Romppala-Riihikangas (Kontiolahti)",236,141,95
"81200  Eno Keskus (Joensuu)",2646,1315,1331
"81210  Louhioja (Joensuu)",328,172,156
"81220  Jakokoski (Kontiolahti)",703,366,337
"81230  Mönni (Kontiolahti)",162,87,75
"81235  Lehtoi (Kontiolahti)",283,140,143
"81260  Ahveninen (Joensuu)",160,83,77
"81270  Paukkaja (Joensuu)",103,52,51
"81280  Uimaharju (Joensuu)",1582,815,767
"81290  Ukkola (Joensuu)",232,127,105
"81295  Haapalahti (Joensuu)",143,79,64
"81320  Kuismavaara (Joensuu)",36,22,14
"81330  Luhtapohja (Joensuu)",80,45,35
"81350  Tokrajärvi (Ilomantsi)",141,76,65
"81360  Sarvinki (Joensuu)",92,62,30
"81390  Revonkylä (Joensuu)",74,40,34
"81420  Tyrjänsaari (Ilomantsi)",69,33,36
"81430  Kivilahti (Ilomantsi)",74,42,32
"81450  Huhus-Käenkoski (Ilomantsi)",89,48,41
"81460  Käenkoski (Ilomantsi)",26,...,...
"81470  Naarva (Ilomantsi)",56,36,20
"81560  Vuonisjärvi (Lieksa)",169,93,76
"81570  Kelvä (Lieksa)",107,63,44
"81590  Vuonislahti (Lieksa)",136,75,61
"81650  Hattuvaara (Lieksa)",128,85,43
"81660  Lehmikylä (Lieksa)",13,...,...
"81700  Lieksa Keskus (Lieksa)",5402,2643,2759
"81720  Mähkö-Timitra (Lieksa)",2679,1373,1306
"81750  Pankakoski (Lieksa)",815,440,375
"81810  Jamali (Lieksa)",317,178,139
"81820  Kylänlahti (Lieksa)",310,179,131
"81850  Mätäsvaara (Lieksa)",128,76,52
"81860  Viekijärvi (Lieksa)",333,181,152
"81950  Pankajärvi (Lieksa)",81,44,37
"81970  Jongunjoki-Pankajärvi (Lieksa)",145,79,66
"82110  Heinävaara (Joensuu)",1028,534,494
"82120  Keskijärvi (Joensuu)",210,111,99
"82140  Kiihtelysvaara Keskus (Joensuu)",825,423,402
"82160  Oskola (Joensuu)",56,28,28
"82170  Uskali (Joensuu)",58,29,29
"82180  Huhtilampi (Joensuu)",75,44,31
"82200  Hammaslahti (Joensuu)",3106,1602,1504
"82210  Suhmura (Joensuu)",512,255,257
"82220  Niittylahti (Joensuu)",2165,1088,1077
"82290  Nieminen (Rääkkylä)",404,218,186
"82300  Rääkkylä Keskus (Rääkkylä)",911,439,472
"82310  Oravisalo-Varpasalo (Rääkkylä)",238,122,116
"82335  Rasivaara (Rääkkylä)",611,343,268
"82350  Tikkala (Tohmajärvi)",343,187,156
"82360  Onkamo (Tohmajärvi)",427,222,205
"82380  Tolosenmäki (Kitee)",443,235,208
"82395  Haarajärvi (Kitee)",139,71,68
"82430  Puhos-Leinovaara (Kitee)",843,439,404
"82460  Hummovaara (Kitee)",101,56,45
"82490  Heinoniemi (Kitee)",124,68,56
"82500  Kitee Keskus (Kitee)",5937,2863,3074
"82510  Kiteenlahti (Kitee)",261,142,119
"82580  Juurikka (Kitee)",329,189,140
"82590  Närsäkkälä (Kitee)",127,68,59
"82600  Tohmajärvi Keskus (Tohmajärvi)",2755,1413,1342
"82655  Värtsilä Keskus (Tohmajärvi)",294,160,134
"82660  Uusi-Värtsilä (Tohmajärvi)",194,109,85
"82670  Kaurila (Tohmajärvi)",109,58,51
"82675  Niirala-Jänisjoki (Tohmajärvi)",104,60,44
"82685  Littilä (Tohmajärvi)",179,94,85
"82710  Kovero (Joensuu)",406,211,195
"82730  Tuupovaara Keskus-Pirttiaho (Joensuu)",708,355,353
"82750  Öllölä (Joensuu)",105,65,40
"82760  Hoilola (Joensuu)",83,42,41
"82770  Kaustajärvi (Tohmajärvi)",25,...,...
"82815  Marjovaara (Joensuu)",128,71,57
"82820  Maukkula (Ilomantsi)",238,132,106
"82830  Haukivaara (Ilomantsi)",98,54,44
"82840  Pirttiaho (Joensuu)",32,20,12
"82850  Kinnasniemi (Joensuu)",64,38,26
"82865  Kokinvaara-Mannervaara (Joensuu)",40,24,16
"82870  Luutalahti (Joensuu)",31,18,13
"82880  Mannervaara (Joensuu)",18,...,...
"82900  Ilomantsi Keskus (Ilomantsi)",3580,1762,1818
"82915  Sonkaja (Ilomantsi)",187,96,91
"82960  Lehtovaara-Kuikkalampi (Ilomantsi)",114,67,47
"82967  Hattu (Ilomantsi)",79,44,35
"82980  Möhkö (Ilomantsi)",68,38,30
"83100  Liperi Keskus (Liperi)",2491,1233,1258
"83130  Salokylä (Liperi)",381,202,179
"83140  Puromäki (Liperi)",141,79,62
"83150  Roukalahti (Liperi)",213,111,102
"83160  Tutjunniemi (Liperi)",145,80,65
"83320  Risti-Juojärvi (Liperi)",68,38,30
"83330  Kaatamo (Liperi)",242,135,107
"83340  Kaarnalampi (Liperi)",91,52,39
"83400  Viinijärvi (Liperi)",1395,727,668
"83430  Käsämä (Liperi)",541,285,256
"83450  Vaivio (Liperi)",339,183,156
"83460  Harinjärvi (Liperi)",313,152,161
"83480  Ahonkylä (Liperi)",179,99,80
"83500  Outokumpu Keskus (Outokumpu)",5859,2897,2962
"83550  Kokonvaara (Outokumpu)",141,75,66
"83630  Kuusjärvi (Outokumpu)",405,209,196
"83660  Varislahti (Outokumpu)",292,155,137
"83700  Polvijärvi Keskus (Polvijärvi)",2328,1144,1184
"83720  Kuorevaara (Polvijärvi)",260,137,123
"83750  Sotkuma (Polvijärvi)",537,273,264
"83760  Sola (Polvijärvi)",85,49,36
"83780  Horsmanaho (Polvijärvi)",228,122,106
"83825  Kinahmo (Polvijärvi)",272,143,129
"83830  Hukkala (Polvijärvi)",118,62,56
"83835  Ruvaslahti (Polvijärvi)",231,122,109
"83840  Saarivaara (Polvijärvi)",47,30,17
"83855  Martonvaara-Sammakkovaara (Polvijärvi)",139,77,62
"83870  Polvela-Timovaara (Juuka)",205,115,90
"83880  Kajoo (Juuka)",167,94,73
"83900  Juuka Keskus (Juuka)",3416,1678,1738
"83910  Paalasmaa (Juuka)",78,38,40
"83915  Vihtasuo (Juuka)",8,...,...
"83940  Nunnanlahti (Juuka)",333,188,145
"83950  Ahmovaara (Juuka)",438,246,192
"83960  Koli (Lieksa)",240,129,111
"83985  Tuopanjoki (Juuka)",2,...,...
"84100  Ylivieska Keskus (Ylivieska)",13450,6656,6794
"84460  Tuomiperä (Ylivieska)",188,109,79
"84540  Vähäkangas (Ylivieska)",574,309,265
"84650  Kantokylä (Ylivieska)",243,127,116
"84770  Isokoski (Ylivieska)",89,48,41
"84880  Raudaskylä (Ylivieska)",656,359,297
"85100  Kalajoki Keskus (Kalajoki)",6824,3382,3442
"85120  Metsä (Kalajoki)",262,143,119
"85140  Tynkä (Kalajoki)",820,416,404
"85150  Typpö (Kalajoki)",292,154,138
"85160  Rautio (Kalajoki)",617,343,274
"85180  Rahja (Kalajoki)",453,234,219
"85200  Alavieska Keskus (Alavieska)",2059,1063,996
"85210  Kähtävä (Alavieska)",232,123,109
"85230  Talus (Alavieska)",253,148,105
"85310  Sievi Asemanseutu (Sievi)",524,281,243
"85320  Markkula (Sievi)",253,131,122
"85340  Jyrinki (Sievi)",742,395,347
"85410  Sievi Keskus (Sievi)",2024,1004,1020
"85430  Koivisto (Sievi)",581,300,281
"85450  Joenkylä (Sievi)",257,140,117
"85470  Kiiskilampi (Sievi)",518,282,236
"85500  Nivala Keskus (Nivala)",7412,3687,3725
"85540  Mönkö (Nivala)",569,299,270
"85560  Ainastalo (Nivala)",477,266,211
"85580  Karvoskylä (Nivala)",691,374,317
"85620  Sarja (Nivala)",263,138,125
"85630  Sarjanahde (Nivala)",597,324,273
"85640  Maliskylä (Nivala)",505,263,242
"85660  Ruuskankylä (Nivala)",175,94,81
"85710  Parkkila (Haapajärvi)",380,210,170
"85730  Tulppo (Haapajärvi)",127,70,57
"85800  Haapajärvi Keskus (Haapajärvi)",5472,2720,2752
"85820  Oksava (Haapajärvi)",841,459,382
"85840  Kuona (Haapajärvi)",318,176,142
"85900  Reisjärvi Keskus (Reisjärvi)",1902,964,938
"85930  Kangaskylä-Tolpankangas (Reisjärvi)",221,111,110
"85940  Räisälänmäki (Reisjärvi)",217,117,100
"85980  Köyhänperä (Reisjärvi)",353,188,165
"86100  Pyhäjoki Keskus (Pyhäjoki)",1850,960,890
"86110  Parhalahti (Pyhäjoki)",349,183,166
"86160  Pirttikoski (Pyhäjoki)",293,153,140
"86170  Yppäri (Pyhäjoki)",593,312,281
"86210  Petäjäskoski (Oulainen)",193,102,91
"86220  Merijärvi Keskus (Merijärvi)",807,429,378
"86230  Ylipää (Merijärvi)",132,69,63
"86240  Pyhänkoski (Merijärvi)",207,114,93
"86300  Oulainen Keskus (Oulainen)",6657,3243,3414
"86350  Kilpua (Oulainen)",119,62,57
"86360  Ilveskorpi (Raahe)",206,117,89
"86400  Vihanti Keskus (Raahe)",1682,870,812
"86440  Lampinsaari (Raahe)",246,119,127
"86460  Alpua (Raahe)",369,189,180
"86470  Lumimetsä (Raahe)",180,95,85
"86480  Karhukangas (Haapavesi)",47,24,23
"86510  Matkaniva (Oulainen)",288,150,138
"86530  Annonen (Haapavesi)",172,89,83
"86550  Mieluskylä (Haapavesi)",382,220,162
"86600  Haapavesi Keskus (Haapavesi)",5232,2607,2625
"86650  Kytökylä-Joutenniva (Haapavesi)",473,253,220
"86680  Vatjusjärvi (Haapavesi)",444,239,205
"86690  Karsikas (Haapavesi)",160,91,69
"86710  Kärsämäki Keskus (Kärsämäki)",2600,1363,1237
"86790  Venetpalo (Kärsämäki)",0,0,0
"86800  Pyhäsalmi (Pyhäjärvi)",4039,2014,2025
"86810  Pellikkaperä (Pyhäjärvi)",173,88,85
"86850  Hiidenniemi (Pyhäjärvi)",228,122,106
"86870  Vesikoski (Pyhäjärvi)",257,137,120
"86900  Pyhäkumpu (Pyhäjärvi)",466,246,220
"86980  Väliaho (Pyhäjärvi)",56,31,25
"87100  Kajaani Keskus (Kajaani)",5928,2630,3298
"87150  Purola (Kajaani)",2266,1168,1098
"87200  Teppana (Kajaani)",3989,1863,2126
"87250  Kättö-Kätönlahti (Kajaani)",4417,2197,2220
"87300  Palokangas (Kajaani)",1068,517,551
"87400  Petäisenniska (Kajaani)",1765,886,879
"87500  Lehtikangas (Kajaani)",5850,2906,2944
"87700  Lohtaja-Kettu (Kajaani)",4021,2116,1905
"87800  Vuoreslahti (Kajaani)",910,486,424
"87830  Nakertaja (Kajaani)",1517,779,738
"87850  Paltaniemi (Kajaani)",483,251,232
"87900  Karankalahti (Kajaani)",460,252,208
"87910  Linnantaus (Kajaani)",506,274,232
"87930  Salmijärvi (Kajaani)",288,132,156
"87950  Kuluntalahti (Kajaani)",953,497,456
"87970  Jormua (Kajaani)",471,249,222
"88120  Tuhkakylä (Sotkamo)",83,48,35
"88200  Otanmäki-Kytökoski (Kajaani)",932,510,422
"88270  Vuolijoki Keskus (Kajaani)",847,428,419
"88300  Paltamo Keskus (Paltamo)",2168,1088,1080
"88310  Melalahti (Paltamo)",210,110,100
"88340  Manamansalo (Vaala)",81,49,32
"88350  Kivesjärvi (Paltamo)",110,55,55
"88380  Mieslahti (Paltamo)",229,121,108
"88400  Ristijärvi Keskus-Hiisijärvi (Ristijärvi)",1180,615,565
"88440  Jokikylä (Ristijärvi)",70,37,33
"88460  Hiisijärvi (Ristijärvi)",46,25,21
"88470  Kontiomäki (Paltamo)",522,272,250
"88490  Pohjavaara (Sotkamo)",246,124,122
"88530  Paakki (Sotkamo)",99,57,42
"88600  Sotkamo Keskus (Sotkamo)",6345,3062,3283
"88610  Vuokatti (Sotkamo)",2592,1334,1258
"88615  Vuokatin Urheiluopisto (Sotkamo)",0,0,0
"88620  Korholanmäki (Sotkamo)",496,269,227
"88640  Ontojoki (Sotkamo)",70,33,37
"88670  Juurikkalahti-Maanselkä (Sotkamo)",191,100,91
"88690  Maanselkä (Sotkamo)",45,27,18
"88730  Ylä-Vieksi (Kuhmo)",121,68,53
"88740  Härmänkylä-Iivantiira (Kuhmo)",76,45,31
"88760  Iivantiira (Kuhmo)",144,88,56
"88820  Katerma (Kuhmo)",9,...,...
"88900  Kuhmo Keskus (Kuhmo)",7595,3882,3713
"88930  Lentiira-Kuumu (Kuhmo)",289,172,117
"88940  Kuumu (Kuhmo)",24,...,...
"89110  Törmänmäki (Puolanka)",44,27,17
"89140  Kotila-Törmänmäki (Puolanka)",90,56,34
"89200  Puolanka Keskus (Puolanka)",2169,1108,1061
"89210  Puokiovaara (Puolanka)",66,37,29
"89320  Joukokylä (Puolanka)",108,66,42
"89330  Suolijärvi (Puolanka)",65,35,30
"89400  Hyrynsalmi Keskus (Hyrynsalmi)",1979,1022,957
"89430  Hoikka (Hyrynsalmi)",43,25,18
"89440  Sakara (Suomussalmi)",87,45,42
"89540  Moisiovaara (Hyrynsalmi)",190,108,82
"89560  Karhuvaara (Hyrynsalmi)",72,34,38
"89600  Ämmänsaari (Suomussalmi)",5054,2462,2592
"89610  Jumaliskylä (Suomussalmi)",60,32,28
"89640  Pesiökylä (Suomussalmi)",107,59,48
"89660  Takalo (Suomussalmi)",104,55,49
"89670  Näljänkä (Suomussalmi)",202,121,81
"89680  Vaaranniva (Suomussalmi)",90,52,38
"89730  Ahjola (Suomussalmi)",32,18,14
"89740  Kianta (Suomussalmi)",50,26,24
"89760  Piispajärvi-Peranka-Kaikkoinen (Suomussalmi)",86,53,33
"89770  Peranka (Suomussalmi)",42,19,23
"89780  Kaikkonen (Suomussalmi)",60,36,24
"89800  Suomussalmi Keskus (Suomussalmi)",1386,746,640
"89830  Ala-Vuokki (Suomussalmi)",45,26,19
"89840  Ylä-Vuokki (Suomussalmi)",53,35,18
"89920  Ruhtinansalmi (Suomussalmi)",317,175,142
"90100  Oulu Keskus (Oulu)",8314,3882,4432
"90120  Heinäpää (Oulu)",6817,3213,3604
"90130  Raksila (Oulu)",6200,2878,3322
"90140  Karjasilta (Oulu)",3266,1466,1800
"90150  Höyhtyä (Oulu)",5904,2877,3027
"90220  Kontinkangas (Oulu)",658,310,348
"90230  Värttö-Maikkula (Oulu)",7324,3447,3877
"90240  Iinatti (Oulu)",6249,3101,3148
"90250  Kaukovainio (Oulu)",6794,3353,3441
"90310  Madekoski (Oulu)",2780,1428,1352
"90400  Äimärautio (Oulu)",1422,656,766
"90410  Kaakkuri (Oulu)",4238,2157,2081
"90420  Metsokangas (Oulu)",10848,5436,5412
"90440  Kempele Keskus (Kempele)",9513,4675,4838
"90450  Honkanen (Kempele)",8165,4124,4041
"90460  Oulunsalo Keskus (Oulu)",8840,4475,4365
"90470  Varjakka (Oulu)",1157,601,556
"90480  Hailuoto (Hailuoto)",967,499,468
"90500  Tuira (Oulu)",8280,3897,4383
"90510  Hietasaari (Oulu)",1842,872,970
"90520  Taskila-Toppila (Oulu)",6114,3103,3011
"90530  Välivainio (Oulu)",5723,2866,2857
"90540  Kuivasjärvi (Oulu)",11937,6048,5889
"90550  Pyykösjärvi-Puolivälikangas (Oulu)",4400,2115,2285
"90560  Koskela-Oulu (Oulu)",2929,1429,1500
"90570  Kaijonharju-Linnanmaa (Oulu)",8011,4437,3574
"90580  Rajakylä (Oulu)",4373,2269,2104
"90590  Teknologiakylä (Oulu)",0,0,0
"90620  Rusko-Heikinharju (Oulu)",535,299,236
"90630  Korvensuora (Oulu)",7640,3919,3721
"90650  Haapalehto (Oulu)",10263,5092,5171
"90660  Sanginsuu (Oulu)",624,339,285
"90670  Hiukkavaara (Oulu)",3317,1675,1642
"90800  Pateniemi (Oulu)",7827,3960,3867
"90810  Kiviniemi (Oulu)",2837,1442,1395
"90820  Kello (Oulu)",3259,1678,1581
"90830  Haukipudas Keskus (Oulu)",8328,4106,4222
"90840  Haukipudas Asemanseutu (Oulu)",1929,1008,921
"90850  Martinniemi (Oulu)",2248,1157,1091
"90860  Halosenniemi (Oulu)",534,280,254
"90900  Kiiminki Keskus (Oulu)",6743,3396,3347
"90910  Kontio (Oulu)",1725,897,828
"90940  Jääli (Oulu)",5047,2577,2470
"91100  Ii Keskus (Ii)",6463,3275,3188
"91110  Ii Asemanseutu (Ii)",872,452,420
"91140  Olhava (Ii)",365,212,153
"91150  Yli-Olhava (Ii)",163,89,74
"91200  Yli-Ii Keskus (Oulu)",1228,645,583
"91210  Jakkukylä (Ii)",452,242,210
"91240  Tannila (Oulu)",193,102,91
"91260  Pahkakoski-Räinä (Oulu)",115,65,50
"91300  Ylikiiminki Keskus (Oulu)",3222,1742,1480
"91310  Arkala (Oulu)",208,111,97
"91410  Jokirinne (Muhos)",1060,554,506
"91430  Leppiniemi (Muhos)",123,68,55
"91500  Muhos Keskus (Muhos)",7239,3672,3567
"91510  Rova (Muhos)",475,231,244
"91560  Kylmälänkylä (Muhos)",108,55,53
"91600  Utajärvi Keskus (Utajärvi)",2004,1025,979
"91620  Sanginkylä (Utajärvi)",170,98,72
"91630  Juorkuna (Utajärvi)",87,50,37
"91640  Särkijärvi (Utajärvi)",91,46,45
"91660  Ahmas (Utajärvi)",248,147,101
"91670  Rokua (Utajärvi)",10,...,...
"91700  Vaala Keskus-Oterma (Vaala)",1480,717,763
"91710  Jylhämä (Vaala)",56,27,29
"91720  Oterma (Vaala)",56,35,21
"91730  Kankari (Vaala)",108,59,49
"91740  Jaalanka-Liminpuro (Vaala)",108,64,44
"91750  Liminpuro (Vaala)",62,38,24
"91760  Säräisniemi (Vaala)",263,132,131
"91780  Neittävä (Vaala)",93,53,40
"91790  Nuojua (Vaala)",151,79,72
"91800  Tyrnävä (Tyrnävä)",5907,3014,2893
"91900  Liminka Keskus (Liminka)",6312,3236,3076
"91910  Tupos (Liminka)",3329,1694,1635
"91930  Ala-Temmes (Liminka)",432,230,202
"91950  Temmes (Liminka)",673,333,340
"91980  Lumijoki (Lumijoki)",2013,1028,985
"92100  Raahe Keskus (Raahe)",4270,2021,2249
"92120  Ollinsaari-Mestauskallio (Raahe)",2842,1505,1337
"92130  Isoholmi-Antinkangas (Raahe)",3088,1537,1551
"92140  Pattijoki Keskus (Raahe)",6320,3239,3081
"92150  Kummatti-Junnilanmäki (Raahe)",1313,671,642
"92160  Saloinen (Raahe)",1700,888,812
"92180  Lapaluoto (Raahe)",143,74,69
"92210  Arkkukari (Raahe)",894,466,428
"92220  Piehinki (Raahe)",642,335,307
"92230  Mattilanperä (Raahe)",227,117,110
"92240  Lasikangas (Raahe)",302,171,131
"92260  Kopsa (Raahe)",300,159,141
"92320  Siikajoki Keskus (Siikajoki)",973,513,460
"92330  Karinkanta (Siikajoki)",218,119,99
"92350  Revonlahti (Siikajoki)",753,393,360
"92400  Ruukki Keskus (Siikajoki)",1705,845,860
"92430  Paavola-Huumola (Siikajoki)",923,499,424
"92440  Saarikoski (Siikajoki)",38,22,16
"92450  Luohua (Siikajoki)",334,174,160
"92470  Tuomioja (Siikajoki)",270,135,135
"92500  Rantsila Keskus (Siikalatva)",1436,779,657
"92520  Sipola (Siikalatva)",66,38,28
"92530  Mankila (Siikalatva)",163,87,76
"92600  Pulkkila Keskus (Siikalatva)",1120,570,550
"92610  Vorna (Siikalatva)",82,44,38
"92620  Piippola Keskus (Siikalatva)",854,444,410
"92640  Leskelä (Siikalatva)",195,110,85
"92650  Laakkola (Siikalatva)",179,102,77
"92700  Kestilä (Siikalatva)",1169,613,556
"92810  Pelsonsuo (Vaala)",151,78,73
"92830  Veneheitto (Vaala)",240,139,101
"92910  Tavastkenkä (Pyhäntä)",279,167,112
"92920  Ahokylä (Pyhäntä)",74,46,28
"92930  Pyhäntä (Pyhäntä)",1184,602,582
"93100  Pudasjärvi Keskus (Pudasjärvi)",4883,2441,2442
"93140  Kipinä (Pudasjärvi)",445,260,185
"93160  Hetejärvi (Pudasjärvi)",249,146,103
"93170  Yli-Kollaja (Pudasjärvi)",94,56,38
"93180  Ikosenniemi (Pudasjärvi)",25,...,...
"93187  Ala-Siurua (Pudasjärvi)",143,81,62
"93190  Yli-Siurua-Ikosenniemi (Pudasjärvi)",120,70,50
"93195  Kokkokylä (Pudasjärvi)",61,36,25
"93220  Livo (Pudasjärvi)",88,45,43
"93225  Pärjänsuo (Pudasjärvi)",231,122,109
"93240  Rytinki (Pudasjärvi)",103,61,42
"93250  Sarajärvi (Pudasjärvi)",231,124,107
"93270  Sotkajärvi (Pudasjärvi)",423,238,185
"93277  Iinattijärvi (Pudasjärvi)",150,92,58
"93280  Syöte (Pudasjärvi)",243,125,118
"93290  Pintamo (Pudasjärvi)",82,46,36
"93350  Jaurakkajärvi (Pudasjärvi)",157,86,71
"93390  Puhoskylä (Pudasjärvi)",190,112,78
"93400  Taivalkoski Keskus (Taivalkoski)",3056,1558,1498
"93420  Jurmu (Taivalkoski)",234,136,98
"93440  Loukusa (Taivalkoski)",53,33,20
"93470  Inget (Taivalkoski)",138,82,56
"93540  Tyrövaara (Taivalkoski)",339,200,139
"93590  Vanhala (Taivalkoski)",186,115,71
"93600  Kuusamo (Kuusamo)",9720,4744,4976
"93700  Kurkijärvi - Oijusluoma (Kuusamo)",1533,839,694
"93800  Muojärvi (Kuusamo)",2250,1229,1021
"93830  Rukatunturi (Kuusamo)",824,444,380
"93900  Oulangan kansallispuisto (Kuusamo)",696,387,309
"93999  Lososaari (Kuusamo)",0,0,0
"94100  Kemi Keskus (Kemi)",6298,2852,3446
"94200  Torvinen-Vainio (Kemi)",2381,1213,1168
"94300  Pajusaari (Kemi)",317,176,141
"94400  Keminmaa Keskus (Keminmaa)",2671,1303,1368
"94430  Kaakamo (Tornio)",982,511,471
"94450  Lassila-Jokisuu (Keminmaa)",2409,1243,1166
"94460  Ruottala (Tornio)",156,85,71
"94500  Lautiosaari (Keminmaa)",2056,1067,989
"94600  Ristikangas-Kivikko (Kemi)",2998,1523,1475
"94700  Takajärvi-Haukkari (Kemi)",5673,2886,2787
"94720  Peurasaari (Kemi)",1015,501,514
"94800  Veitsiluoto (Kemi)",0,0,0
"94830  Pikku Berliini-Hepola (Kemi)",1740,881,859
"94900  Ajos (Kemi)",328,177,151
"95100  Kuivaniemi Keskus (Ii)",900,467,433
"95110  Kuivaniemi kk (Ii)",304,165,139
"95130  Hyryoja (Ii)",137,67,70
"95160  Oijärvi-Lamminperä (Ii)",177,105,72
"95200  Simo Keskus (Simo)",1272,622,650
"95210  Filpus (Simo)",225,119,106
"95220  Simoniemi (Simo)",314,165,149
"95225  Viantie (Simo)",218,119,99
"95230  Maksniemi (Simo)",768,378,390
"95255  Alaniemi (Simo)",75,44,31
"95260  Tainionjoki (Simo)",50,30,20
"95270  Yli-Kärppä-Tainionjoki (Simo)",91,45,46
"95300  Tervola Keskus (Tervola)",1690,855,835
"95310  Liedakkala (Keminmaa)",444,231,213
"95315  Törmä (Keminmaa)",189,105,84
"95325  Paakkola (Tervola)",150,74,76
"95330  Tervola (Tervola)",500,277,223
"95340  Loue (Tervola)",256,150,106
"95350  Peura (Tervola)",20,...,...
"95355  Koivu-Peura (Tervola)",236,130,106
"95365  Maula (Keminmaa)",257,128,129
"95370  Itäkoski (Keminmaa)",176,85,91
"95375  Yli-Paakkola (Tervola)",107,62,45
"95400  Tornio Keskus (Tornio)",2711,1174,1537
"95410  Kiviranta (Tornio)",3138,1583,1555
"95420  Miukki-Palosaari-Luotomäki (Tornio)",3754,1913,1841
"95430  Suensaari (Tornio)",1207,553,654
"95440  Kyläjoki (Tornio)",904,479,425
"95450  Kirkonmäki (Tornio)",3534,1797,1737
"95460  Kantojärvi (Tornio)",1095,566,529
"95470  Pirkkiö-Röyttä (Tornio)",893,497,396
"95490  Terästehtaanalue (Tornio)",0,0,0
"95500  Vojakkala-Yli-Liakka (Tornio)",1108,583,525
"95520  Kukkola (Tornio)",291,157,134
"95530  Karunki (Tornio)",806,414,392
"95540  Korpikylä (Tornio)",59,31,28
"95560  Aapajoki (Tornio)",196,93,103
"95590  Arpela (Tornio)",826,438,388
"95600  Ylitornio Keskus (Ylitornio)",2013,990,1023
"95610  Kainuunkylä (Ylitornio)",207,113,94
"95615  Pekanpää (Ylitornio)",95,49,46
"95620  Aavasaksa (Ylitornio)",397,204,193
"95630  Kuivakangas (Ylitornio)",139,69,70
"95635  Kaulinranta (Ylitornio)",240,120,120
"95640  Juoksenki (Pello)",200,101,99
"95645  Turtola (Pello)",267,144,123
"95655  Etelä-Portimojärvi (Ylitornio)",113,63,50
"95660  Kantomaanpää (Ylitornio)",153,84,69
"95670  Pessalompolo (Ylitornio)",100,60,40
"95675  Meltosjärvi (Ylitornio)",132,71,61
"95680  Lohijärvi (Ylitornio)",48,22,26
"95690  Mellakoski (Ylitornio)",164,83,81
"95700  Pello Keskus (Pello)",2165,1082,1083
"95710  Naamijoki (Pello)",37,20,17
"95720  Jarhoinen (Pello)",43,22,21
"95750  Orajärvi (Pello)",101,54,47
"95760  Konttajärvi (Pello)",102,52,50
"95770  Lankojärvi (Pello)",167,90,77
"95780  Sirkkakoski (Pello)",102,53,49
"95790  Lampsijärvi (Pello)",86,45,41
"95800  Sieppijärvi-Taapajärvi (Kolari)",471,251,220
"95830  Vaattojärvi (Kolari)",180,102,78
"95840  Venejärvenkylä (Kolari)",58,34,24
"95850  Ruokojärvi (Kolari)",30,18,12
"95860  Pasmajärvi (Kolari)",32,15,17
"95900  Kolari Keskus (Kolari)",1733,849,884
"95920  Saaripudas (Kolari)",163,86,77
"95930  Äkäsjoensuu (Kolari)",126,68,58
"95940  Tapojärvi (Muonio)",54,32,22
"95950  Kihlanki-Tapojärvi (Muonio)",51,30,21
"95970  Äkäslompolo (Muonio)",539,281,258
"95980  Ylläsjärvi (Kolari)",260,127,133
"95990  Kurtakko (Kolari)",73,41,32
"96100  Rovaniemi Keskus (Rovaniemi)",10480,4528,5952
"96190  Lapinrinne-Ahokangas (Rovaniemi)",4430,2213,2217
"96200  Sahanperä-Ratantaus (Rovaniemi)",4830,2135,2695
"96300  Niemelänkangas-Korvanniemi (Rovaniemi)",5872,2813,3059
"96320  Teollisuuskylä (Rovaniemi)",7,...,...
"96400  Pullinranta-Kiiruna (Rovaniemi)",3587,1729,1858
"96440  Ounasrinne (Rovaniemi)",3281,1604,1677
"96460  Pöykkölä (Rovaniemi)",2818,1398,1420
"96500  Korkalovaara (Rovaniemi)",5629,2753,2876
"96600  Koskenkylä (Rovaniemi)",1212,621,591
"96700  Niskanperä (Rovaniemi)",753,395,358
"96800  Ylikylä-Patosaari (Rovaniemi)",1862,934,928
"96900  Saarenkylä (Rovaniemi)",7121,3487,3634
"96910  Syväsenvaara (Rovaniemi)",2899,1437,1462
"96930  Napapiiri Rovaniemi (Rovaniemi)",65,29,36
"96960  Someroharju (Rovaniemi)",150,83,67
"97110  Rautionsaari (Rovaniemi)",463,246,217
"97130  Hirvas (Rovaniemi)",874,467,407
"97140  Muurola (Rovaniemi)",1164,609,555
"97145  Totonvaara (Rovaniemi)",11,...,...
"97160  Petäjäinen (Rovaniemi)",120,62,58
"97170  Jaatila (Rovaniemi)",155,83,72
"97220  Sinettä (Rovaniemi)",860,454,406
"97240  Sonka (Rovaniemi)",277,152,125
"97250  Raanujärvi (Ylitornio)",179,96,83
"97280  Tapio (Rovaniemi)",288,162,126
"97290  Marraskoski (Rovaniemi)",105,54,51
"97310  Patokoski (Rovaniemi)",149,83,66
"97320  Marrasjärvi (Rovaniemi)",75,39,36
"97330  Rattosjärvi (Pello)",43,22,21
"97335  Ruuhivaara (Pello)",81,44,37
"97340  Meltaus-Jääskö-Perttaus (Rovaniemi)",266,136,130
"97370  Unarin-Luusua (Sodankylä)",44,28,16
"97380  Kukasranta (Sodankylä)",24,...,...
"97390  Kierinki (Sodankylä)",128,81,47
"97420  Lohiniva (Kittilä)",402,220,182
"97430  Taapajärvi (Kolari)",4,...,...
"97470  Alakylä-Sailehto (Kittilä)",148,80,68
"97510  Vikajärvi (Rovaniemi)",176,103,73
"97520  Nampa (Rovaniemi)",40,22,18
"97530  Nampa-Yli-Nampa (Rovaniemi)",88,51,37
"97540  Tiainen (Rovaniemi)",93,55,38
"97580  Misi (Rovaniemi)",79,49,30
"97590  Raajärvi (Kemijärvi)",9,...,...
"97610  Oikarainen (Rovaniemi)",416,217,199
"97615  Tennirova (Rovaniemi)",35,21,14
"97620  Viiri-Tennirova (Rovaniemi)",73,40,33
"97625  Vanttauskoski (Rovaniemi)",334,202,132
"97630  Pekkala (Rovaniemi)",105,57,48
"97635  Juuniemi (Rovaniemi)",83,45,38
"97645  Juujärvi (Kemijärvi)",98,55,43
"97650  Juotas (Rovaniemi)",125,66,59
"97655  Autti (Rovaniemi)",144,73,71
"97665  Pohjasperä (Ranua)",160,102,58
"97670  Kivitaipale (Rovaniemi)",253,135,118
"97675  Narkaus-Kämät (Rovaniemi)",146,80,66
"97680  Saari-Kämä (Rovaniemi)",80,44,36
"97685  Siika-Kämä (Rovaniemi)",34,18,16
"97690  Sulaoja (Rovaniemi)",115,64,51
"97700  Ranua Keskus (Ranua)",3007,1511,1496
"97715  Raiskio (Ranua)",183,101,82
"97720  Yli-Simo-Raiskio (Ranua)",87,51,36
"97760  Saariharju (Ranua)",120,68,52
"97765  Kuha-Impiö-Itäranua (Ranua)",95,49,46
"97780  Kuukasjärvi-Petäjäjärvi (Ranua)",110,61,49
"97785  Kelankylä (Ranua)",71,41,30
"97810  Suorsa (Posio)",19,...,...
"97815  Pernu-Suorsa (Posio)",63,37,26
"97820  Perä-Posio (Posio)",88,51,37
"97840  Lehtiniemi (Posio)",95,54,41
"97850  Ristilä (Posio)",82,46,36
"97870  Jumisko (Posio)",32,20,12
"97880  Nolimo-Jumisko (Posio)",35,19,16
"97890  Karjalaisenniemi (Posio)",234,132,102
"97895  Mourujärvi (Posio)",95,55,40
"97900  Posio Keskus (Posio)",1752,841,911
"97920  Suonnankylä (Posio)",89,50,39
"97925  Tolva (Posio)",57,30,27
"97940  Lohiranta (Posio)",75,41,34
"97950  Säikkä (Posio)",20,...,...
"97960  Kuloharju-Säikkä (Posio)",90,50,40
"97965  Kynsilä (Posio)",88,50,38
"97970  Sirniö (Posio)",66,35,31
"97980  Anetjärvi (Posio)",128,72,56
"97999  Köngäs (Kittilä)",0,0,0
"98100  Kemijärvi Keskus (Kemijärvi)",2496,1170,1326
"98120  Särkikangas (Kemijärvi)",1684,866,818
"98230  Luusua-Karsimus (Kemijärvi)",186,108,78
"98310  Karvakko (Kemijärvi)",498,236,262
"98350  Tapionniemi (Kemijärvi)",141,72,69
"98360  Vuostimo (Kemijärvi)",138,83,55
"98400  Isokylä-Ryti-Lehtola (Kemijärvi)",626,329,297
"98420  Ryti-Lehtola (Kemijärvi)",123,68,55
"98440  Kallaanvaara (Kemijärvi)",822,420,402
"98450  Kostamo (Kemijärvi)",257,149,108
"98500  Pelkosenniemi Keskus (Pelkosenniemi)",488,261,227
"98510  Saunavaara (Pelkosenniemi)",50,26,24
"98530  Pyhätunturi (Pelkosenniemi)",233,129,104
"98550  Suvanto (Pelkosenniemi)",21,...,...
"98560  Kairala-Luiro (Pelkosenniemi)",85,46,39
"98570  Aapajärvi (Pelkosenniemi)",28,...,...
"98580  Luiro (Pelkosenniemi)",36,20,16
"98600  Kursu (Salla)",247,150,97
"98620  Pahkakumpu (Salla)",60,38,22
"98630  Ahvenselkä (Pelkosenniemi)",73,43,30
"98660  Salmivaara (Salla)",118,71,47
"98710  Joutsijärvi (Kemijärvi)",95,51,44
"98720  Suomutunturi (Kemijärvi)",89,50,39
"98760  Hirvasvaara-Paloperä (Salla)",58,35,23
"98770  Aholanvaara (Salla)",39,26,13
"98780  Maaninkavaara (Posio)",77,40,37
"98790  Paloperä (Salla)",37,22,15
"98800  Savukoski Keskus-Värriö (Savukoski)",521,281,240
"98810  Lunkkaus (Savukoski)",34,22,12
"98820  Värriö (Savukoski)",48,26,22
"98830  Martti-Ruuvaoja (Savukoski)",148,87,61
"98840  Ruuvaoja (Savukoski)",9,...,...
"98850  Kuosku (Savukoski)",134,76,58
"98900  Salla Keskus (Salla)",2096,1046,1050
"98920  Kelloselkä (Salla)",150,83,67
"98930  Kotalankylä (Salla)",87,49,38
"98950  Saija (Salla)",130,74,56
"98960  Naruska (Salla)",52,24,28
"98970  Onkamojärvi (Salla)",64,38,26
"98980  Kallunki-Niemelä (Salla)",32,19,13
"98995  Hautajärvi (Salla)",221,134,87
"99100  Kittilä Keskus (Kittilä)",2766,1354,1412
"99110  Kaukonen (Kittilä)",327,171,156
"99120  Kallo (Kittilä)",128,69,59
"99130  Sirkka-Rauhala (Kittilä)",1146,557,589
"99135  Rauhala (Kittilä)",23,...,...
"99140  Köngäs-Hanhivaara (Kittilä)",218,103,115
"99150  Tepasto (Kittilä)",102,53,49
"99160  Lompolo-Pulju (Kittilä)",61,30,31
"99170  Pulju (Kittilä)",24,...,...
"99180  Rautusjärvi (Kittilä)",52,25,27
"99190  Hanhimaa (Kittilä)",39,22,17
"99195  Pokka (Kittilä)",10,...,...
"99230  Jeesiöjärvi (Kittilä)",43,23,20
"99240  Kuivasalmi (Kittilä)",25,...,...
"99250  Kiistala-Jeesiöjärvi (Kittilä)",70,38,32
"99270  Hormakumpu (Kittilä)",72,38,34
"99280  Tepsa (Kittilä)",73,42,31
"99290  Kelontekemä (Kittilä)",81,47,34
"99300  Muonio Keskus (Muonio)",1793,871,922
"99310  Yli-Muonio (Muonio)",140,73,67
"99320  Kätkäsuvanto (Muonio)",117,60,57
"99330  Pallastunturi (Muonio)",0,0,0
"99340  Raattama-Pallastunturi (Kittilä)",133,76,57
"99360  Kangosjärvi (Muonio)",132,69,63
"99400  Enontekiö Keskus (Enontekiö)",682,339,343
"99410  Vuontisjärvi (Enontekiö)",115,64,51
"99420  Peltovuoma (Enontekiö)",162,92,70
"99430  Nunnanen (Enontekiö)",79,43,36
"99440  Leppäjärvi (Enontekiö)",137,77,60
"99450  Palojoensuu-Kuttanen (Enontekiö)",98,58,40
"99460  Kuttanen (Enontekiö)",60,29,31
"99470  Karesuvanto (Enontekiö)",274,152,122
"99490  Kilpisjärvi (Enontekiö)",154,71,83
"99510  Raudanjoki-Seipäjärvi (Sodankylä)",71,41,30
"99520  Seipäjärvi (Sodankylä)",27,...,...
"99530  Vuojärvi (Sodankylä)",75,40,35
"99540  Torvinen (Sodankylä)",150,85,65
"99550  Aska-Orakylä (Sodankylä)",83,45,38
"99555  Luosto (Sodankylä)",91,45,46
"99560  Orakylä (Sodankylä)",269,145,124
"99600  Sodankylä Keskus (Sodankylä)",5422,2713,2709
"99610  Siurunmaa (Sodankylä)",38,21,17
"99620  Kelujärvi (Sodankylä)",219,128,91
"99640  Tanhua (Savukoski)",88,48,40
"99645  Lokka (Sodankylä)",75,45,30
"99650  Sattanen (Sodankylä)",285,156,129
"99655  Sattasvaara (Sodankylä)",109,59,50
"99660  Kersilö (Sodankylä)",45,25,20
"99665  Moskuvaara (Sodankylä)",33,19,14
"99670  Petkula (Sodankylä)",32,19,13
"99690  Vuotso (Sodankylä)",268,143,125
"99695  Tankavaara (Sodankylä)",2,...,...
"99710  Vaalajärvi (Sodankylä)",288,165,123
"99720  Riipi (Sodankylä)",172,92,80
"99740  Syväjärvi (Sodankylä)",157,94,63
"99750  Sassali (Sodankylä)",52,31,21
"99760  Uimaniemi (Sodankylä)",29,...,...
"99770  Jeesiö (Sodankylä)",113,70,43
"99800  Ivalo (Inari)",4593,2323,2270
"99830  Saariselkä (Inari)",357,175,182
"99860  Nellim (Inari)",124,69,55
"99870  Inari Keskus-Lemmenjoki (Inari)",1130,577,553
"99885  Lemmenjoki (Inari)",51,31,20
"99910  Kaamanen-Partakko (Inari)",167,98,69
"99930  Sevettijärvi-Näätämö (Inari)",227,134,93
"99940  Näätämö (Inari)",23,...,...
"99950  Karigasniemi (Utsjoki)",302,174,128
"99980  Utsjoki Keskus (Utsjoki)",686,365,321
"99990  Nuorgam (Utsjoki)",214,108,106
